40508
847 895 935 989 1060 1112 1182 1223 1299 1351 1375 1380 1423 1491 1501 1550 1559 1640 1670 1763 
-1 496 1559 1640 1682 1723 1794 1862 1944 1998 2047 2068 2069 2127 2128 2197 2255 2295 2354 2420 
1944 2420 2454 2531 2573 2668 2670 2741 2814 2833 2858 2903 2991 3010 3050 3092 3109 3190 3262 3332 
2991 3190 3399 3473 3570 3596 3600 3625 3637 3654 3730 3736 3815 3864 3903 3904 3931 3975 4050 4051 
3736 4051 4150 4157 4164 4236 4260 4279 4360 4383 4455 4505 4600 4631 4698 4765 4787 4799 4827 4895 
4799 4851 4902 4946 4984 5048 5059 5121 5141 5195 5210 5293 5372 5427 5475 5513 5550 5592 5673 5762 
5372 5454 5550 5607 5608 5697 5708 5762 5812 5880 5882 5886 5951 5971 6027 6073 6109 6142 6198 6211 
5886 6211 6222 6285 6344 6413 6452 6496 6557 6624 6696 6770 6829 6845 6871 6961 7027 7083 7130 7225 
5931 6770 6772 6860 6950 6995 7083 7173 7267 7301 7302 7383 7447 7517 7572 7579 7612 7633 7668 7730 
7579 7668 7689 7750 7768 7845 7865 7907 7966 8045 8057 8113 8127 8148 8191 8280 8311 8382 8474 8521 
8127 8188 8272 8275 8348 8383 8419 8498 8586 8640 8736 8758 8828 8838 8842 8918 8958 9043 9127 9220 
8640 8708 9043 9127 9224 9287 9320 9416 9420 9483 9514 9515 9613 9652 9717 9789 9809 9816 9879 9912 
9224 9265 9789 9823 9894 9913 9962 10049 10110 10189 10250 10279 10301 10375 10443 10503 10526 10608 10641 10735 
10641 10777 10817 10857 10885 10891 10953 11036 11131 11175 11266 11345 11384 11452 11531 11532 11552 11648 11710 11772 
11552 11591 11680 11717 11724 11808 11868 11929 12002 12066 12139 12142 12217 12220 12268 12342 12409 12448 12480 12549 
12217 12226 12309 12339 12549 12580 12673 12759 12808 12842 12933 12989 13069 13102 13179 13214 13277 13349 13395 13417 
13490 13511 13557 13590 13644 13666 13730 13750 13826 13903 14000 14028 14082 14163 14258 14339 14411 14491 14566 14584 
-1 13644 14082 14120 14190 14411 14426 14492 14665 14720 14754 14767 14832 14919 14957 15042 15131 15208 15230 15297 
662 14817 15208 15341 15435 15508 15559 15594 15651 15689 15754 15823 15883 15973 16041 16073 16113 16124 16199 16296 
15651 15719 16296 16335 16348 16424 16501 16507 16513 16566 16607 16679 16750 16796 16820 16866 16916 16928 16967 17059 
16607 16700 16928 16936 16963 17016 17091 17094 17136 17141 17165 17238 17326 17383 17403 17502 17541 17615 17690 17734 
17091 17174 17502 17690 17786 17797 17833 17853 17858 17930 17968 18047 18057 18084 18111 18201 18209 18292 18302 18363 
17568 17590 18302 18356 18406 18457 18466 18481 18517 18537 18616 18667 18751 18791 18850 18898 18925 18990 19034 19074 
18466 18850 18925 19034 19074 19084 19176 19198 19234 19241 19312 19389 19459 19469 19493 19571 19648 19704 19746 19762 
19746 19783 19879 19960 19972 20064 20150 20213 20301 20329 20386 20444 20467 20471 20566 20646 20658 20740 20793 20798 
19960 20471 20530 20595 20673 20741 20791 20829 20926 20998 21092 21151 21193 21198 21217 21244 21298 21367 21369 21425 
20595 20599 20741 21367 21402 21482 21577 21628 21687 21780 21785 21846 21850 21893 21923 22016 22092 22134 22233 22263 
21785 21873 22309 22390 22430 22491 22585 22663 22687 22706 22750 22846 22869 22959 23053 23133 23230 23254 23298 23352 
22959 22964 23063 23123 23298 23362 23398 23476 23508 23512 23530 23556 23643 23717 23743 23833 23878 23913 23967 23994 
23717 23810 23913 23924 23938 24037 24123 24164 24190 24240 24314 24335 24341 24408 24495 24541 24625 24636 24725 24814 
24341 24391 24462 24533 24538 24598 24880 24897 24926 25024 25085 25172 25230 25236 25296 25380 25472 25495 25520 25543 
24627 25543 25603 25680 25728 25815 25867 25965 25973 26028 26125 26180 26248 26307 26397 26447 26545 26602 26645 26717 
26125 26171 26193 26204 26447 26545 26752 26831 26903 26980 27027 27082 27145 27203 27292 27363 27457 27552 27565 27662 
27552 27577 27675 27746 27814 27822 27894 27951 27990 28073 28090 28180 28211 28292 28298 28395 28493 28575 28657 28709 
27577 28073 28298 28791 28810 28890 28921 28987 29077 29095 29110 29186 29244 29336 29370 29436 29444 29509 29576 29660 
29095 29136 29186 29255 29336 29431 29447 29660 29712 29760 29795 29867 29947 30028 30032 30035 30039 30135 30188 30202 
30188 30194 30200 30212 30298 30324 30376 30446 30539 30620 30651 30740 30839 30938 31009 31083 31090 31133 31219 31220 
30839 31009 31220 31256 31296 31364 31413 31458 31516 31560 31625 31697 31762 31815 31863 31953 32051 32111 32182 32209 
31625 32051 32067 32123 32150 32200 32257 32312 32399 32443 32490 32519 32601 32681 32724 32799 32809 32879 32917 32945 
32519 32548 32639 32799 32850 32936 32970 33043 33055 33069 33120 33121 33159 33233 33325 33385 33428 33464 33487 33569 
33121 33233 33330 33464 33549 33570 33625 33659 33721 33799 33810 33844 33861 33864 33907 33945 33989 34034 34051 34054 
33989 34018 34024 34069 34084 34144 34173 34270 34361 34374 34382 34432 34478 34550 34636 34643 34673 34701 34714 34741 
34741 34779 34789 34882 34888 34960 34998 35071 35159 35203 35269 35348 35395 35456 35462 35526 35544 35546 35552 35643 
35526 35547 35567 35618 35714 35765 35807 35859 35896 35981 35999 36043 36103 36171 36174 36180 36200 36281 36377 36407 
35981 36407 36461 36514 36571 36617 36701 36702 36778 36804 36811 36880 36968 36997 37070 37102 37153 37157 37231 37306 
36701 36728 37306 37396 37421 37518 37586 37600 37654 37683 37697 37705 37706 37766 37779 37795 37836 37917 37952 37970 
37706 37917 37924 37955 38010 38095 38130 38212 38275 38310 38364 38416 38493 38575 38669 38750 38775 38799 38855 38878 
38669 38702 38752 38774 38844 38903 38954 39034 39118 39165 39253 39280 39298 39332 39379 39383 39424 39480 39522 39548 
39480 39511 39594 39603 39637 39699 39782 39843 39884 39942 40038 40125 40143 40199 40201 40296 40317 40368 40381 40412 
0 62 157 165 168 195 214 250 347 434 496 582 603 640 651 662 729 813 847 895 
