40508
847,48 895,40 935,54 989,71 1060,52 1112,70 1182,41 1223,76 1299,52 1351,24 1375,5 1380,43 1423,68 1491,10 1501,49 1550,9 1559,81 1640,30 1670,93 1763,17
0,85 496,18 1559,54 1640,42 1682,41 1723,71 1794,68 1862,82 1944,54 1998,49 2047,21 2068,1 2069,58 2127,1 2128,69 2197,58 2255,40 2295,59 2354,66 2420,29
1944,33 2420,34 2454,77 2531,42 2573,95 2668,2 2670,71 2741,73 2814,19 2833,25 2858,45 2903,88 2991,19 3010,40 3050,42 3092,17 3109,81 3190,72 3262,70 3332,67
2991,51 3190,41 3399,74 3473,97 3570,26 3596,4 3600,25 3625,12 3637,17 3654,76 3730,6 3736,79 3815,49 3864,39 3903,1 3904,27 3931,44 3975,75 4050,1 4051,18
3736,22 4051,99 4150,7 4157,7 4164,72 4236,24 4260,19 4279,81 4360,23 4383,72 4455,50 4505,95 4600,31 4631,67 4698,67 4765,22 4787,12 4799,28 4827,68 4895,88
4799,52 4851,51 4902,44 4946,38 4984,64 5048,11 5059,62 5121,20 5141,54 5195,15 5210,83 5293,79 5372,55 5427,48 5475,38 5513,37 5550,42 5592,81 5673,89 5762,60
5372,82 5454,43 5550,57 5607,1 5608,89 5697,11 5708,41 5762,50 5812,68 5880,2 5882,4 5886,65 5951,20 5971,56 6027,46 6073,36 6109,33 6142,56 6198,13 6211,50
5886,45 6211,11 6222,63 6285,59 6344,69 6413,39 6452,44 6496,61 6557,67 6624,72 6696,74 6770,59 6829,16 6845,26 6871,90 6961,66 7027,56 7083,47 7130,95 7225,39
5931,92 6770,2 6772,88 6860,90 6950,45 6995,88 7083,90 7173,94 7267,34 7301,1 7302,81 7383,64 7447,70 7517,55 7572,7 7579,33 7612,21 7633,35 7668,62 7730,61
7579,89 7668,21 7689,61 7750,18 7768,77 7845,20 7865,42 7907,59 7966,79 8045,12 8057,56 8113,14 8127,21 8148,43 8191,89 8280,31 8311,71 8382,92 8474,47 8521,71
8127,61 8188,84 8272,3 8275,73 8348,35 8383,36 8419,79 8498,88 8586,54 8640,96 8736,22 8758,70 8828,10 8838,4 8842,76 8918,40 8958,85 9043,84 9127,93 9220,65
8640,68 8708,72 9043,74 9127,97 9224,63 9287,33 9320,96 9416,4 9420,63 9483,31 9514,1 9515,98 9613,39 9652,65 9717,72 9789,20 9809,7 9816,63 9879,33 9912,26
9224,41 9265,65 9789,34 9823,71 9894,19 9913,49 9962,87 10049,61 10110,79 10189,61 10250,29 10279,22 10301,74 10375,68 10443,60 10503,23 10526,82 10608,33 10641,94 10735,42
10641,17 10777,40 10817,40 10857,28 10885,6 10891,62 10953,83 11036,95 11131,44 11175,91 11266,79 11345,39 11384,68 11452,79 11531,1 11532,20 11552,96 11648,62 11710,62 11772,70
11552,39 11591,89 11680,37 11717,7 11724,84 11808,60 11868,61 11929,73 12002,64 12066,73 12139,3 12142,75 12217,3 12220,48 12268,74 12342,67 12409,39 12448,32 12480,69 12549,25
12217,9 12226,83 12309,30 12339,3 12549,31 12580,93 12673,86 12759,49 12808,34 12842,91 12933,56 12989,80 13069,33 13102,77 13179,35 13214,63 13277,72 13349,46 13395,22 13417,73
13490,21 13511,46 13557,33 13590,54 13644,22 13666,64 13730,20 13750,76 13826,77 13903,97 14000,28 14028,54 14082,81 14163,95 14258,81 14339,72 14411,80 14491,75 14566,18 14584,81
813,52 13644,30 14082,38 14120,70 14190,22 14411,15 14426,66 14492,26 14665,55 14720,34 14754,13 14767,65 14832,87 14919,38 14957,85 15042,89 15131,77 15208,22 15230,67 15297,44
14754,63 14817,95 15208,18 15341,94 15435,73 15508,51 15559,35 15594,57 15651,38 15689,65 15754,69 15823,60 15883,90 15973,68 16041,32 16073,40 16113,11 16124,75 16199,97 16296,51
15651,68 15719,37 16296,39 16335,13 16348,76 16424,77 16501,6 16507,6 16513,53 16566,41 16607,72 16679,71 16750,46 16796,24 16820,46 16866,50 16916,12 16928,39 16967,92 17059,54
16607,93 16700,95 16928,8 16936,27 16963,53 17016,75 17091,3 17094,42 17136,5 17141,24 17165,73 17238,88 17326,57 17383,20 17403,99 17502,39 17541,74 17615,75 17690,44 17734,24
17091,83 17174,14 17502,66 17690,96 17786,11 17797,36 17833,20 17853,5 17858,72 17930,38 17968,79 18047,10 18057,27 18084,27 18111,90 18201,8 18209,83 18292,10 18302,61 18363,69
17568,22 17590,56 18302,54 18356,50 18406,51 18457,9 18466,15 18481,36 18517,20 18537,79 18616,51 18667,84 18751,40 18791,59 18850,48 18898,27 18925,65 18990,44 19034,40 19074,83
18466,5 18850,75 18925,43 19034,17 19074,10 19084,92 19176,22 19198,36 19234,7 19241,71 19312,77 19389,70 19459,10 19469,24 19493,78 19571,77 19648,56 19704,42 19746,16 19762,48
19746,37 19783,96 19879,81 19960,12 19972,92 20064,86 20150,63 20213,88 20301,28 20329,57 20386,58 20444,23 20467,4 20471,95 20566,80 20646,12 20658,82 20740,53 20793,5 20798,75
19960,58 20471,59 20530,65 20595,78 20673,68 20741,50 20791,38 20829,97 20926,72 20998,94 21092,59 21151,42 21193,5 21198,19 21217,27 21244,54 21298,69 21367,2 21369,56 21425,51
20595,4 20599,7 20741,36 21367,35 21402,80 21482,95 21577,51 21628,59 21687,93 21780,5 21785,61 21846,4 21850,43 21893,30 21923,93 22016,76 22092,42 22134,99 22233,30 22263,46
21785,88 21873,75 22309,81 22390,40 22430,61 22491,94 22585,78 22663,24 22687,19 22706,44 22750,96 22846,23 22869,90 22959,94 23053,80 23133,97 23230,24 23254,44 23298,54 23352,52
22959,5 22964,99 23063,60 23123,87 23298,64 23362,36 23398,78 23476,32 23508,4 23512,18 23530,26 23556,87 23643,74 23717,26 23743,90 23833,45 23878,35 23913,54 23967,27 23994,23
23717,93 23810,95 23913,11 23924,14 23938,99 24037,86 24123,41 24164,26 24190,50 24240,74 24314,21 24335,6 24341,67 24408,87 24495,46 24541,84 24625,11 24636,89 24725,89 24814,66
24341,50 24391,71 24462,71 24533,5 24538,60 24598,29 24880,17 24897,29 24926,98 25024,61 25085,87 25172,58 25230,6 25236,60 25296,84 25380,92 25472,23 25495,25 25520,23 25543,57
24627,75 25543,60 25603,77 25680,48 25728,87 25815,52 25867,98 25965,8 25973,55 26028,97 26125,55 26180,68 26248,59 26307,90 26397,50 26447,98 26545,57 26602,43 26645,72 26717,35
26125,46 26171,22 26193,11 26204,49 26447,34 26545,30 26752,79 26831,72 26903,77 26980,47 27027,55 27082,63 27145,58 27203,89 27292,71 27363,94 27457,95 27552,13 27565,97 27662,46
27552,25 27577,98 27675,71 27746,68 27814,8 27822,72 27894,57 27951,39 27990,83 28073,17 28090,90 28180,31 28211,81 28292,6 28298,97 28395,98 28493,82 28575,82 28657,52 28709,82
27577,42 28073,77 28298,71 28791,19 28810,80 28890,31 28921,66 28987,90 29077,18 29095,15 29110,76 29186,58 29244,92 29336,34 29370,66 29436,8 29444,65 29509,67 29576,84 29660,42
29095,41 29136,42 29186,69 29255,81 29336,95 29431,16 29447,45 29660,52 29712,48 29760,35 29795,72 29867,80 29947,81 30028,4 30032,3 30035,4 30039,96 30135,53 30188,14 30202,80
30188,6 30194,6 30200,12 30212,86 30298,26 30324,52 30376,70 30446,93 30539,81 30620,31 30651,89 30740,99 30839,99 30938,71 31009,74 31083,7 31090,43 31133,86 31219,1 31220,93
30839,44 31009,54 31220,36 31256,40 31296,68 31364,49 31413,45 31458,58 31516,44 31560,65 31625,72 31697,65 31762,53 31815,48 31863,90 31953,98 32051,60 32111,71 32182,27 32209,48
31625,9 32051,16 32067,56 32123,27 32150,50 32200,57 32257,55 32312,87 32399,44 32443,47 32490,29 32519,82 32601,80 32681,43 32724,75 32799,10 32809,70 32879,38 32917,28 32945,2
32519,29 32548,91 32639,85 32799,51 32850,86 32936,34 32970,73 33043,12 33055,14 33069,51 33120,1 33121,38 33159,74 33233,92 33325,60 33385,43 33428,36 33464,23 33487,82 33569,30
33121,21 33233,97 33330,4 33464,85 33549,21 33570,55 33625,34 33659,62 33721,78 33799,11 33810,34 33844,17 33861,3 33864,43 33907,38 33945,44 33989,45 34034,17 34051,3 34054,83
33989,29 34018,6 34024,45 34069,15 34084,60 34144,29 34173,97 34270,91 34361,13 34374,8 34382,50 34432,46 34478,72 34550,86 34636,7 34643,30 34673,28 34701,13 34714,27 34741,42
34741,38 34779,10 34789,93 34882,6 34888,72 34960,38 34998,73 35071,88 35159,44 35203,66 35269,79 35348,47 35395,61 35456,6 35462,64 35526,18 35544,2 35546,6 35552,91 35643,37
35526,21 35547,20 35567,51 35618,96 35714,51 35765,42 35807,52 35859,37 35896,85 35981,18 35999,44 36043,60 36103,68 36171,3 36174,6 36180,20 36200,81 36281,96 36377,30 36407,9
35981,16 36407,54 36461,53 36514,57 36571,46 36617,84 36701,1 36702,76 36778,26 36804,7 36811,69 36880,88 36968,29 36997,73 37070,32 37102,51 37153,4 37157,74 37231,75 37306,75
36701,27 36728,54 37306,90 37396,25 37421,97 37518,68 37586,14 37600,54 37654,29 37683,14 37697,8 37705,1 37706,60 37766,13 37779,16 37795,41 37836,81 37917,35 37952,18 37970,79
37706,56 37917,7 37924,31 37955,55 38010,85 38095,35 38130,82 38212,63 38275,35 38310,54 38364,52 38416,77 38493,82 38575,94 38669,81 38750,25 38775,24 38799,56 38855,23 38878,79
38669,33 38702,50 38752,22 38774,70 38844,59 38903,51 38954,80 39034,84 39118,47 39165,88 39253,27 39280,18 39298,34 39332,47 39379,4 39383,41 39424,56 39480,42 39522,26 39548,66
39480,31 39511,83 39594,9 39603,34 39637,62 39699,83 39782,61 39843,41 39884,58 39942,96 40038,87 40125,18 40143,56 40199,2 40201,95 40296,21 40317,51 40368,13 40381,31 40412,96
0,62 62,95 157,8 165,3 168,27 195,19 214,36 250,97 347,87 434,62 496,86 582,21 603,37 640,11 651,11 662,67 729,84 813,34 847,48 895,97
