40720
847 895 935 989 1060 1112 1182 1223 1299 1351 1375 1380 1423 1491 1501 1550 1559 1640 1670 1763 
250 1780 1798 1852 1894 1935 2006 2074 2156 2210 2259 2280 2281 2339 2340 2409 2467 2507 2566 2632 
2156 2632 2666 2743 2785 2880 2882 2953 3026 3045 3070 3115 3203 3222 3262 3304 3321 3402 3474 3544 
3203 3402 3611 3685 3782 3808 3812 3837 3849 3866 3942 3948 4027 4076 4115 4116 4143 4187 4262 4263 
3948 4263 4362 4369 4376 4448 4472 4491 4572 4595 4667 4717 4812 4843 4910 4977 4999 5011 5039 5107 
5011 5063 5114 5158 5196 5260 5271 5333 5353 5407 5422 5505 5584 5639 5687 5725 5762 5804 5885 5974 
5584 5666 5762 5819 5820 5909 5920 5974 6024 6092 6094 6098 6163 6183 6239 6285 6321 6354 6410 6423 
6098 6423 6434 6497 6556 6625 6664 6708 6769 6836 6908 6982 7041 7057 7083 7173 7239 7295 7342 7437 
6143 6982 6984 7072 7162 7207 7295 7385 7479 7513 7514 7595 7659 7729 7784 7791 7824 7845 7880 7942 
7791 7880 7901 7962 7980 8057 8077 8119 8178 8257 8269 8325 8339 8360 8403 8492 8523 8594 8686 8733 
8339 8400 8484 8487 8560 8595 8631 8710 8798 8852 8948 8970 9040 9050 9054 9130 9170 9255 9339 9432 
8852 8920 9255 9339 9436 9499 9532 9628 9632 9695 9726 9727 9825 9864 9929 10001 10021 10028 10091 10124 
9436 9477 10001 10035 10106 10125 10174 10261 10322 10401 10462 10491 10513 10587 10655 10715 10738 10820 10853 10947 
10853 10989 11029 11069 11097 11103 11165 11248 11343 11387 11478 11557 11596 11664 11743 11744 11764 11860 11922 11984 
11764 11803 11892 11929 11936 12020 12080 12141 12214 12278 12351 12354 12429 12432 12480 12554 12621 12660 12692 12761 
12429 12438 12521 12551 12761 12792 12885 12971 13020 13054 13145 13201 13281 13314 13391 13426 13489 13561 13607 13629 
13702 13723 13769 13802 13856 13878 13942 13962 14038 14115 14212 14240 14294 14375 14470 14551 14623 14703 14778 14796 
813 13856 14294 14332 14402 14623 14638 14704 14877 14932 14966 14979 15044 15131 15169 15254 15343 15420 15442 15509 
14966 15029 15420 15553 15647 15720 15771 15806 15863 15901 15966 16035 16095 16185 16253 16285 16325 16336 16411 16508 
15863 15931 16508 16547 16560 16636 16713 16719 16725 16778 16819 16891 16962 17008 17032 17078 17128 17140 17179 17271 
16819 16912 17140 17148 17175 17228 17303 17306 17348 17353 17377 17450 17538 17595 17615 17714 17753 17827 17902 17946 
17303 17386 17714 17902 17998 18009 18045 18065 18070 18142 18180 18259 18269 18296 18323 18413 18421 18504 18514 18575 
17780 17802 18514 18568 18618 18669 18678 18693 18729 18749 18828 18879 18963 19003 19062 19110 19137 19202 19246 19286 
18678 19062 19137 19246 19286 19296 19388 19410 19446 19453 19524 19601 19671 19681 19705 19783 19860 19916 19958 19974 
19958 19995 20091 20172 20184 20276 20362 20425 20513 20541 20598 20656 20679 20683 20778 20858 20870 20952 21005 21010 
20172 20683 20742 20807 20885 20953 21003 21041 21138 21210 21304 21363 21405 21410 21429 21456 21510 21579 21581 21637 
20807 20811 20953 21579 21614 21694 21789 21840 21899 21992 21997 22058 22062 22105 22135 22228 22304 22346 22445 22475 
21997 22085 22521 22602 22642 22703 22797 22875 22899 22918 22962 23058 23081 23171 23265 23345 23442 23466 23510 23564 
23171 23176 23275 23335 23510 23574 23610 23688 23720 23724 23742 23768 23855 23929 23955 24045 24090 24125 24179 24206 
23929 24022 24125 24136 24150 24249 24335 24376 24402 24452 24526 24547 24553 24620 24707 24753 24837 24848 24937 25026 
24553 24603 24674 24745 24750 24810 25092 25109 25138 25236 25297 25384 25442 25448 25508 25592 25684 25707 25732 25755 
24839 25755 25815 25892 25940 26027 26079 26177 26185 26240 26337 26392 26460 26519 26609 26659 26757 26814 26857 26929 
26337 26383 26405 26416 26659 26757 26964 27043 27115 27192 27239 27294 27357 27415 27504 27575 27669 27764 27777 27874 
27764 27789 27887 27958 28026 28034 28106 28163 28202 28285 28302 28392 28423 28504 28510 28607 28705 28787 28869 28921 
27789 28285 28510 29003 29022 29102 29133 29199 29289 29307 29322 29398 29456 29548 29582 29648 29656 29721 29788 29872 
29307 29348 29398 29467 29548 29643 29659 29872 29924 29972 30007 30079 30159 30240 30244 30247 30251 30347 30400 30414 
30400 30406 30412 30424 30510 30536 30588 30658 30751 30832 30863 30952 31051 31150 31221 31295 31302 31345 31431 31432 
31051 31221 31432 31468 31508 31576 31625 31670 31728 31772 31837 31909 31974 32027 32075 32165 32263 32323 32394 32421 
31837 32263 32279 32335 32362 32412 32469 32524 32611 32655 32702 32731 32813 32893 32936 33011 33021 33091 33129 33157 
32731 32760 32851 33011 33062 33148 33182 33255 33267 33281 33332 33333 33371 33445 33537 33597 33640 33676 33699 33781 
33333 33445 33542 33676 33761 33782 33837 33871 33933 34011 34022 34056 34073 34076 34119 34157 34201 34246 34263 34266 
34201 34230 34236 34281 34296 34356 34385 34482 34573 34586 34594 34644 34690 34762 34848 34855 34885 34913 34926 34953 
34953 34991 35001 35094 35100 35172 35210 35283 35371 35415 35481 35560 35607 35668 35674 35738 35756 35758 35764 35855 
35738 35759 35779 35830 35926 35977 36019 36071 36108 36193 36211 36255 36315 36383 36386 36392 36412 36493 36589 36619 
36193 36619 36673 36726 36783 36829 36913 36914 36990 37016 37023 37092 37180 37209 37282 37314 37365 37369 37443 37518 
36913 36940 37518 37608 37633 37730 37798 37812 37866 37895 37909 37917 37918 37978 37991 38007 38048 38129 38164 38182 
37918 38129 38136 38167 38222 38307 38342 38424 38487 38522 38576 38628 38705 38787 38881 38962 38987 39011 39067 39090 
38881 38914 38964 38986 39056 39115 39166 39246 39330 39377 39465 39492 39510 39544 39591 39595 39636 39692 39734 39760 
39692 39723 39806 39815 39849 39911 39994 40055 40096 40154 40250 40337 40355 40411 40413 40508 40529 40580 40593 40624 
0 62 157 165 168 195 214 250 347 434 496 582 603 640 651 662 729 813 847 895 
