40720
847,48 895,40 935,54 989,71 1060,52 1112,70 1182,41 1223,76 1299,52 1351,24 1375,5 1380,43 1423,68 1491,10 1501,49 1550,9 1559,81 1640,30 1670,93 1763,17
250,85 1780,18 1798,54 1852,42 1894,41 1935,71 2006,68 2074,82 2156,54 2210,49 2259,21 2280,1 2281,58 2339,1 2340,69 2409,58 2467,40 2507,59 2566,66 2632,29
2156,33 2632,34 2666,77 2743,42 2785,95 2880,2 2882,71 2953,73 3026,19 3045,25 3070,45 3115,88 3203,19 3222,40 3262,42 3304,17 3321,81 3402,72 3474,70 3544,67
3203,51 3402,41 3611,74 3685,97 3782,26 3808,4 3812,25 3837,12 3849,17 3866,76 3942,6 3948,79 4027,49 4076,39 4115,1 4116,27 4143,44 4187,75 4262,1 4263,18
3948,22 4263,99 4362,7 4369,7 4376,72 4448,24 4472,19 4491,81 4572,23 4595,72 4667,50 4717,95 4812,31 4843,67 4910,67 4977,22 4999,12 5011,28 5039,68 5107,88
5011,52 5063,51 5114,44 5158,38 5196,64 5260,11 5271,62 5333,20 5353,54 5407,15 5422,83 5505,79 5584,55 5639,48 5687,38 5725,37 5762,42 5804,81 5885,89 5974,60
5584,82 5666,43 5762,57 5819,1 5820,89 5909,11 5920,41 5974,50 6024,68 6092,2 6094,4 6098,65 6163,20 6183,56 6239,46 6285,36 6321,33 6354,56 6410,13 6423,50
6098,45 6423,11 6434,63 6497,59 6556,69 6625,39 6664,44 6708,61 6769,67 6836,72 6908,74 6982,59 7041,16 7057,26 7083,90 7173,66 7239,56 7295,47 7342,95 7437,39
6143,92 6982,2 6984,88 7072,90 7162,45 7207,88 7295,90 7385,94 7479,34 7513,1 7514,81 7595,64 7659,70 7729,55 7784,7 7791,33 7824,21 7845,35 7880,62 7942,61
7791,89 7880,21 7901,61 7962,18 7980,77 8057,20 8077,42 8119,59 8178,79 8257,12 8269,56 8325,14 8339,21 8360,43 8403,89 8492,31 8523,71 8594,92 8686,47 8733,71
8339,61 8400,84 8484,3 8487,73 8560,35 8595,36 8631,79 8710,88 8798,54 8852,96 8948,22 8970,70 9040,10 9050,4 9054,76 9130,40 9170,85 9255,84 9339,93 9432,65
8852,68 8920,72 9255,74 9339,97 9436,63 9499,33 9532,96 9628,4 9632,63 9695,31 9726,1 9727,98 9825,39 9864,65 9929,72 10001,20 10021,7 10028,63 10091,33 10124,26
9436,41 9477,65 10001,34 10035,71 10106,19 10125,49 10174,87 10261,61 10322,79 10401,61 10462,29 10491,22 10513,74 10587,68 10655,60 10715,23 10738,82 10820,33 10853,94 10947,42
10853,17 10989,40 11029,40 11069,28 11097,6 11103,62 11165,83 11248,95 11343,44 11387,91 11478,79 11557,39 11596,68 11664,79 11743,1 11744,20 11764,96 11860,62 11922,62 11984,70
11764,39 11803,89 11892,37 11929,7 11936,84 12020,60 12080,61 12141,73 12214,64 12278,73 12351,3 12354,75 12429,3 12432,48 12480,74 12554,67 12621,39 12660,32 12692,69 12761,25
12429,9 12438,83 12521,30 12551,3 12761,31 12792,93 12885,86 12971,49 13020,34 13054,91 13145,56 13201,80 13281,33 13314,77 13391,35 13426,63 13489,72 13561,46 13607,22 13629,73
13702,21 13723,46 13769,33 13802,54 13856,22 13878,64 13942,20 13962,76 14038,77 14115,97 14212,28 14240,54 14294,81 14375,95 14470,81 14551,72 14623,80 14703,75 14778,18 14796,81
813,52 13856,30 14294,38 14332,70 14402,22 14623,15 14638,66 14704,26 14877,55 14932,34 14966,13 14979,65 15044,87 15131,38 15169,85 15254,89 15343,77 15420,22 15442,67 15509,44
14966,63 15029,95 15420,18 15553,94 15647,73 15720,51 15771,35 15806,57 15863,38 15901,65 15966,69 16035,60 16095,90 16185,68 16253,32 16285,40 16325,11 16336,75 16411,97 16508,51
15863,68 15931,37 16508,39 16547,13 16560,76 16636,77 16713,6 16719,6 16725,53 16778,41 16819,72 16891,71 16962,46 17008,24 17032,46 17078,50 17128,12 17140,39 17179,92 17271,54
16819,93 16912,95 17140,8 17148,27 17175,53 17228,75 17303,3 17306,42 17348,5 17353,24 17377,73 17450,88 17538,57 17595,20 17615,99 17714,39 17753,74 17827,75 17902,44 17946,24
17303,83 17386,14 17714,66 17902,96 17998,11 18009,36 18045,20 18065,5 18070,72 18142,38 18180,79 18259,10 18269,27 18296,27 18323,90 18413,8 18421,83 18504,10 18514,61 18575,69
17780,22 17802,56 18514,54 18568,50 18618,51 18669,9 18678,15 18693,36 18729,20 18749,79 18828,51 18879,84 18963,40 19003,59 19062,48 19110,27 19137,65 19202,44 19246,40 19286,83
18678,5 19062,75 19137,43 19246,17 19286,10 19296,92 19388,22 19410,36 19446,7 19453,71 19524,77 19601,70 19671,10 19681,24 19705,78 19783,77 19860,56 19916,42 19958,16 19974,48
19958,37 19995,96 20091,81 20172,12 20184,92 20276,86 20362,63 20425,88 20513,28 20541,57 20598,58 20656,23 20679,4 20683,95 20778,80 20858,12 20870,82 20952,53 21005,5 21010,75
20172,58 20683,59 20742,65 20807,78 20885,68 20953,50 21003,38 21041,97 21138,72 21210,94 21304,59 21363,42 21405,5 21410,19 21429,27 21456,54 21510,69 21579,2 21581,56 21637,51
20807,4 20811,7 20953,36 21579,35 21614,80 21694,95 21789,51 21840,59 21899,93 21992,5 21997,61 22058,4 22062,43 22105,30 22135,93 22228,76 22304,42 22346,99 22445,30 22475,46
21997,88 22085,75 22521,81 22602,40 22642,61 22703,94 22797,78 22875,24 22899,19 22918,44 22962,96 23058,23 23081,90 23171,94 23265,80 23345,97 23442,24 23466,44 23510,54 23564,52
23171,5 23176,99 23275,60 23335,87 23510,64 23574,36 23610,78 23688,32 23720,4 23724,18 23742,26 23768,87 23855,74 23929,26 23955,90 24045,45 24090,35 24125,54 24179,27 24206,23
23929,93 24022,95 24125,11 24136,14 24150,99 24249,86 24335,41 24376,26 24402,50 24452,74 24526,21 24547,6 24553,67 24620,87 24707,46 24753,84 24837,11 24848,89 24937,89 25026,66
24553,50 24603,71 24674,71 24745,5 24750,60 24810,29 25092,17 25109,29 25138,98 25236,61 25297,87 25384,58 25442,6 25448,60 25508,84 25592,92 25684,23 25707,25 25732,23 25755,57
24839,75 25755,60 25815,77 25892,48 25940,87 26027,52 26079,98 26177,8 26185,55 26240,97 26337,55 26392,68 26460,59 26519,90 26609,50 26659,98 26757,57 26814,43 26857,72 26929,35
26337,46 26383,22 26405,11 26416,49 26659,34 26757,30 26964,79 27043,72 27115,77 27192,47 27239,55 27294,63 27357,58 27415,89 27504,71 27575,94 27669,95 27764,13 27777,97 27874,46
27764,25 27789,98 27887,71 27958,68 28026,8 28034,72 28106,57 28163,39 28202,83 28285,17 28302,90 28392,31 28423,81 28504,6 28510,97 28607,98 28705,82 28787,82 28869,52 28921,82
27789,42 28285,77 28510,71 29003,19 29022,80 29102,31 29133,66 29199,90 29289,18 29307,15 29322,76 29398,58 29456,92 29548,34 29582,66 29648,8 29656,65 29721,67 29788,84 29872,42
29307,41 29348,42 29398,69 29467,81 29548,95 29643,16 29659,45 29872,52 29924,48 29972,35 30007,72 30079,80 30159,81 30240,4 30244,3 30247,4 30251,96 30347,53 30400,14 30414,80
30400,6 30406,6 30412,12 30424,86 30510,26 30536,52 30588,70 30658,93 30751,81 30832,31 30863,89 30952,99 31051,99 31150,71 31221,74 31295,7 31302,43 31345,86 31431,1 31432,93
31051,44 31221,54 31432,36 31468,40 31508,68 31576,49 31625,45 31670,58 31728,44 31772,65 31837,72 31909,65 31974,53 32027,48 32075,90 32165,98 32263,60 32323,71 32394,27 32421,48
31837,9 32263,16 32279,56 32335,27 32362,50 32412,57 32469,55 32524,87 32611,44 32655,47 32702,29 32731,82 32813,80 32893,43 32936,75 33011,10 33021,70 33091,38 33129,28 33157,2
32731,29 32760,91 32851,85 33011,51 33062,86 33148,34 33182,73 33255,12 33267,14 33281,51 33332,1 33333,38 33371,74 33445,92 33537,60 33597,43 33640,36 33676,23 33699,82 33781,30
33333,21 33445,97 33542,4 33676,85 33761,21 33782,55 33837,34 33871,62 33933,78 34011,11 34022,34 34056,17 34073,3 34076,43 34119,38 34157,44 34201,45 34246,17 34263,3 34266,83
34201,29 34230,6 34236,45 34281,15 34296,60 34356,29 34385,97 34482,91 34573,13 34586,8 34594,50 34644,46 34690,72 34762,86 34848,7 34855,30 34885,28 34913,13 34926,27 34953,42
34953,38 34991,10 35001,93 35094,6 35100,72 35172,38 35210,73 35283,88 35371,44 35415,66 35481,79 35560,47 35607,61 35668,6 35674,64 35738,18 35756,2 35758,6 35764,91 35855,37
35738,21 35759,20 35779,51 35830,96 35926,51 35977,42 36019,52 36071,37 36108,85 36193,18 36211,44 36255,60 36315,68 36383,3 36386,6 36392,20 36412,81 36493,96 36589,30 36619,9
36193,16 36619,54 36673,53 36726,57 36783,46 36829,84 36913,1 36914,76 36990,26 37016,7 37023,69 37092,88 37180,29 37209,73 37282,32 37314,51 37365,4 37369,74 37443,75 37518,75
36913,27 36940,54 37518,90 37608,25 37633,97 37730,68 37798,14 37812,54 37866,29 37895,14 37909,8 37917,1 37918,60 37978,13 37991,16 38007,41 38048,81 38129,35 38164,18 38182,79
37918,56 38129,7 38136,31 38167,55 38222,85 38307,35 38342,82 38424,63 38487,35 38522,54 38576,52 38628,77 38705,82 38787,94 38881,81 38962,25 38987,24 39011,56 39067,23 39090,79
38881,33 38914,50 38964,22 38986,70 39056,59 39115,51 39166,80 39246,84 39330,47 39377,88 39465,27 39492,18 39510,34 39544,47 39591,4 39595,41 39636,56 39692,42 39734,26 39760,66
39692,31 39723,83 39806,9 39815,34 39849,62 39911,83 39994,61 40055,41 40096,58 40154,96 40250,87 40337,18 40355,56 40411,2 40413,95 40508,21 40529,51 40580,13 40593,31 40624,96
0,62 62,95 157,8 165,3 168,27 195,19 214,36 250,97 347,87 434,62 496,86 582,21 603,37 640,11 651,11 662,67 729,84 813,34 847,48 895,97
