267
0,7,10 17,5,19 22,1,24 27,2,20 29,9,8 43,4,18 52,9,2 61,5,22 67,7,1 96,1,14 97,8,21 117,9,15 129,5,5 140,4,3 144,2,13 146,6,4 152,5,16 173,9,12 182,6,6 197,10,0 207,5,23 212,10,7 222,5,11 227,5,9 232,1,17 
0,7,20 7,2,16 9,7,15 18,4,10 47,4,13 52,3,23 63,9,19 87,10,0 97,3,12 100,8,17 108,8,24 122,5,2 127,2,6 146,4,7 150,6,18 156,10,21 166,4,9 175,1,11 177,6,8 183,4,14 187,2,1 189,4,22 217,3,4 220,3,5 252,7,3 
0,4,3 22,10,19 32,5,23 37,7,22 47,4,20 51,1,7 52,9,21 66,1,1 67,9,10 97,8,14 108,10,2 118,3,11 121,7,8 135,1,16 136,5,24 141,8,0 158,5,4 169,2,17 188,5,6 197,8,12 205,1,15 206,10,5 218,9,9 227,5,13 238,7,18 
19,6,4 25,8,2 33,7,17 43,1,24 44,6,6 60,6,12 66,5,22 71,1,21 72,3,11 99,2,0 101,10,18 113,3,5 116,4,19 137,3,8 140,3,14 143,1,9 144,3,10 155,7,7 191,6,3 198,3,13 202,5,16 214,1,23 215,5,1 227,5,20 239,8,15 
0,4,22 4,6,1 14,9,13 36,10,4 46,3,19 68,8,8 76,1,24 78,4,14 82,3,12 99,9,2 108,4,7 124,9,18 133,4,20 137,8,23 145,7,11 159,1,6 162,1,15 163,1,9 166,4,16 180,5,5 216,10,0 231,4,3 235,7,10 242,7,21 249,2,17 
0,9,11 16,1,7 17,3,22 33,8,2 41,4,12 53,7,9 60,9,14 75,8,3 85,8,16 93,7,5 115,7,17 122,7,19 129,8,0 145,2,23 147,1,6 159,1,13 160,7,18 167,8,20 183,10,8 195,2,4 197,1,1 198,5,15 203,3,10 206,1,24 216,5,21 
0,1,18 32,5,19 45,7,23 52,10,8 62,4,24 66,6,9 72,1,6 73,6,2 79,7,17 108,1,22 109,6,10 115,9,1 124,2,14 143,1,16 144,2,12 171,4,11 175,7,21 182,7,13 189,3,7 192,3,5 197,10,4 207,9,15 216,1,20 251,1,3 252,6,0 
0,9,13 11,1,24 37,1,19 44,2,22 46,3,7 49,6,5 55,4,20 60,6,9 69,10,18 79,4,11 94,2,17 110,10,16 120,1,10 123,2,21 129,2,6 131,3,12 143,4,14 168,9,8 180,7,2 205,3,3 212,2,23 214,3,4 229,4,0 237,2,15 239,2,1 
0,9,4 9,7,7 16,9,23 25,9,24 34,9,5 46,1,10 65,3,15 79,8,0 87,6,1 93,6,2 99,4,6 122,3,17 126,9,22 136,7,16 149,1,19 150,8,8 166,2,21 170,10,9 180,1,20 201,5,13 206,2,14 235,9,3 244,10,11 254,4,12 258,8,18 
1,7,18 8,9,17 29,2,23 31,7,12 38,5,21 49,7,22 56,9,11 67,8,3 75,1,24 81,6,13 100,9,5 112,3,7 115,1,14 116,1,8 120,2,19 122,6,9 131,2,6 137,1,20 138,10,2 185,10,4 207,9,0 216,4,15 220,6,10 226,4,1 234,5,16 
0,4,1 4,6,22 10,3,18 13,3,0 39,8,13 57,8,15 65,6,11 71,7,14 78,7,16 85,2,4 87,5,17 115,9,12 124,3,6 127,6,21 139,10,5 149,6,20 155,7,23 162,8,19 170,4,24 197,9,8 206,4,9 210,5,2 245,6,3 251,9,10 260,7,7 
0,3,14 9,2,9 11,2,16 43,8,17 62,6,8 68,4,13 72,7,0 79,10,5 89,9,23 98,3,24 101,6,10 107,4,1 124,3,12 127,8,11 135,10,6 149,5,15 154,4,4 167,4,18 171,8,7 179,8,22 217,6,3 223,5,21 228,2,19 230,8,2 238,2,20 
0,7,15 7,5,14 15,4,21 33,6,13 46,3,22 49,4,0 55,6,5 61,7,20 76,6,7 82,6,24 100,4,12 104,6,16 133,9,18 142,5,1 152,3,11 155,5,2 160,8,3 168,1,6 169,8,10 179,6,4 185,1,23 222,8,8 230,5,19 235,1,17 236,2,9 
0,2,17 2,7,8 24,3,20 27,2,14 29,7,0 47,10,10 65,1,1 72,6,9 85,7,21 94,2,12 109,4,5 120,5,16 142,4,7 146,4,13 150,3,2 153,8,24 161,4,6 165,4,4 171,6,18 177,6,19 223,8,3 231,1,23 232,4,11 247,6,22 253,3,15 
0,9,7 9,5,13 38,9,20 47,10,15 57,4,22 61,2,19 63,9,6 97,2,0 99,10,9 109,6,12 115,4,18 125,6,17 131,1,23 133,2,21 140,6,8 147,6,1 160,5,2 176,2,11 178,1,4 192,10,16 202,3,24 244,1,3 245,5,10 250,5,14 255,4,5 
7,10,20 17,2,11 37,8,23 45,5,8 50,10,12 60,7,3 67,2,18 78,2,9 80,5,21 85,1,1 101,4,0 115,5,10 120,6,22 134,2,2 136,4,14 141,5,24 167,10,5 177,3,6 189,9,13 198,3,7 201,7,17 208,4,4 212,9,16 221,6,15 235,6,19 
0,10,2 10,5,21 25,4,23 34,9,24 43,3,10 46,7,9 53,7,18 60,5,7 65,3,0 85,9,12 94,7,20 101,3,4 131,9,17 140,9,19 149,10,6 159,8,5 167,3,15 170,6,14 178,8,11 186,6,16 208,9,3 233,8,8 241,6,22 247,4,13 261,6,1 
9,8,19 17,1,10 25,9,4 34,4,6 38,7,11 45,4,16 49,3,2 68,9,23 80,1,18 81,5,15 108,7,17 116,4,24 120,9,5 129,10,9 139,6,22 150,5,7 155,5,3 168,4,21 175,4,20 206,3,8 209,6,12 226,3,0 229,5,14 234,5,13 246,6,1 
0,4,6 4,5,9 9,5,10 34,2,4 45,4,12 49,8,16 57,8,1 82,8,14 90,8,22 98,7,23 118,4,2 129,3,19 132,10,7 142,7,15 150,9,13 164,5,17 177,1,5 178,10,0 197,8,3 205,1,21 213,9,8 225,2,24 227,4,11 231,7,18 240,9,20 
0,2,12 10,2,22 12,3,5 15,1,9 16,5,2 21,8,6 30,2,18 33,5,7 54,5,4 59,9,13 78,5,19 83,2,20 86,10,15 105,2,0 126,9,14 158,10,8 179,6,3 185,3,10 188,1,17 189,8,1 197,3,23 207,4,16 211,5,21 216,6,11 236,8,24 
0,6,21 17,7,20 24,9,7 33,3,14 36,7,18 45,2,11 52,2,4 54,10,0 77,2,23 79,4,2 83,3,9 86,1,6 87,10,13 109,2,22 149,10,5 159,4,10 163,10,12 185,6,3 191,8,17 209,4,8 213,5,19 218,7,24 225,9,16 234,3,15 252,9,1 
9,10,4 19,10,17 29,9,20 38,2,19 40,4,3 44,1,0 61,5,21 72,9,13 81,9,22 90,6,14 96,3,16 119,5,18 124,7,7 136,2,2 139,3,9 154,8,15 174,6,1 180,4,10 186,2,11 188,9,12 197,2,5 215,9,23 227,9,24 241,5,8 246,4,6 
0,4,24 7,2,10 19,7,21 26,10,22 36,8,9 44,7,14 51,1,20 68,1,15 69,10,12 81,5,18 92,2,17 94,5,6 125,10,16 135,4,5 162,9,11 171,8,3 179,1,2 180,6,7 186,9,19 195,2,0 209,4,13 230,3,8 233,10,4 243,3,1 246,2,23 
0,9,19 9,5,11 23,10,13 40,3,17 43,7,21 50,10,3 60,7,4 67,6,2 79,1,18 82,5,7 87,5,20 105,6,23 124,6,1 130,7,8 137,2,0 145,7,22 157,9,16 166,2,24 169,4,6 180,5,9 185,5,5 205,2,12 208,7,14 227,6,15 233,1,10 
0,7,16 7,4,24 12,9,14 21,9,18 46,6,4 52,6,6 58,10,23 68,8,7 76,2,19 98,10,22 108,9,15 117,6,21 127,7,2 134,6,3 155,7,11 162,2,17 164,10,1 178,2,5 193,4,8 206,3,13 210,8,9 218,9,20 227,2,10 229,6,12 235,6,0 
