4332
83,48,8 131,40,19 255,54,17 309,71,15 380,52,1 432,70,2 502,41,10 543,76,7 619,52,13 723,24,18 747,5,5 1181,43,6 1249,68,3 1408,10,4 1465,49,14 1514,9,11 1523,81,16 1699,30,0 1838,93,9 1931,17,12 
0,85,12 110,18,11 303,54,3 357,42,16 515,41,1 828,71,2 1060,68,9 1128,82,8 1210,54,18 1264,49,4 1352,21,0 1424,1,19 1654,58,17 1712,1,15 2509,69,5 3219,58,10 3338,40,13 3502,59,14 3697,66,6 3763,29,7 
208,33,8 241,34,6 596,77,15 673,42,14 755,95,3 902,2,7 1022,71,19 2935,73,18 3199,19,1 3359,25,11 3546,45,4 3673,88,12 3761,19,17 3780,40,13 3922,42,0 3964,17,2 3981,81,9 4062,72,10 4134,70,16 4204,67,5 
85,51,12 343,41,9 384,74,5 458,97,16 626,26,0 1037,4,2 1057,25,13 1175,12,18 1253,17,6 1295,76,11 1419,6,1 2534,79,19 2677,49,8 2830,39,14 2869,1,7 2870,27,4 2930,44,15 3351,75,10 3426,1,3 3427,18,17 
39,22,1 1014,99,3 1113,7,13 1120,7,4 1755,72,18 2268,24,5 2292,19,6 2398,81,9 2493,23,7 2516,72,8 2588,50,15 2638,95,0 2733,31,14 2803,67,10 2870,67,12 2937,22,19 2959,12,16 2971,28,17 2999,68,2 3067,88,11 
0,52,16 68,51,3 332,44,4 376,38,14 432,64,1 1026,11,2 1102,62,10 1164,20,9 1240,54,5 1529,15,0 1544,83,18 1785,79,19 1864,55,8 1919,48,17 1967,38,12 2005,37,15 2042,42,13 2084,81,6 2320,89,7 2463,60,11 
0,82,19 376,43,4 539,57,15 686,1,0 2005,89,12 2094,11,13 2152,41,1 2768,50,7 3008,68,18 3076,2,5 3121,4,9 3141,65,3 3325,20,16 3368,56,8 3474,46,11 3736,36,2 3772,33,6 3805,56,14 3925,13,10 3938,50,17 
298,45,9 490,11,10 501,63,8 667,59,4 926,69,14 995,39,5 1039,44,15 1083,61,7 1627,67,18 1872,72,6 1944,74,13 2018,59,19 2077,16,17 2093,26,2 2119,90,16 2209,66,11 2348,56,0 2404,47,12 2451,95,3 2546,39,1 
0,92,9 158,2,13 1176,88,15 1264,90,7 2212,45,18 2257,88,2 3384,90,11 3547,94,19 3641,34,1 3752,1,8 3753,81,0 3850,64,4 3914,70,3 3984,55,12 4039,7,6 4046,33,16 4079,21,14 4100,35,17 4135,62,10 4271,61,5 
0,89,6 89,21,11 382,61,17 443,18,8 652,77,16 729,20,7 749,42,0 791,59,14 913,79,4 1027,12,15 1275,56,2 1362,14,13 1381,21,18 1491,43,1 1534,89,9 1754,31,19 1785,71,10 1900,92,5 2051,47,3 2098,71,12 
0,61,13 188,84,4 283,3,7 376,73,6 1083,35,15 1371,36,11 1556,79,10 2008,88,9 2267,54,3 2321,96,17 2417,22,16 2439,70,5 2509,10,12 2519,4,1 2726,76,8 2802,40,18 3212,85,14 3370,84,0 3454,93,19 3671,65,2 
0,68,3 68,72,10 140,74,14 214,97,0 311,63,7 374,33,12 473,96,9 569,4,19 591,63,11 654,31,5 747,1,18 795,98,1 1534,39,13 2093,65,17 2519,72,2 2637,20,6 2657,7,4 3345,63,16 3437,33,15 3470,26,8 
0,41,0 140,65,10 502,34,2 652,71,18 723,19,14 825,49,12 874,87,13 961,61,1 1113,79,3 1192,61,9 1253,29,17 1282,22,15 1350,74,19 1519,68,4 1587,60,5 1647,23,8 1670,82,16 1752,33,6 1785,94,7 1879,42,11 
275,17,6 292,40,11 569,40,9 609,28,8 769,6,15 943,62,17 1005,83,0 1313,95,4 1421,44,14 1465,91,10 1670,79,12 1795,39,2 1834,68,13 1902,79,18 2218,1,5 2219,20,1 2490,96,16 2867,62,19 3025,62,3 3087,70,7 
0,39,1 384,89,9 555,37,16 724,7,17 864,84,15 1482,60,2 2292,61,5 2353,73,10 2426,64,8 2490,73,14 2671,3,7 2729,75,11 2804,3,13 2831,48,0 3142,74,19 3216,67,3 3348,39,4 3392,32,18 3424,69,12 3493,25,6 
43,9,11 443,83,17 526,30,5 556,3,1 609,31,12 2842,93,18 3133,86,10 3219,49,9 3268,34,2 3302,91,15 3505,56,16 3562,80,6 3642,33,7 3675,77,8 3752,35,14 3787,63,4 3850,72,0 3922,46,19 3968,22,13 3990,73,3 
150,21,3 171,46,5 217,33,13 250,54,16 414,22,14 467,64,11 631,20,17 749,76,12 825,77,7 902,97,18 999,28,15 1027,54,8 1081,81,2 1191,95,0 1286,81,9 1367,72,10 1439,80,4 1519,75,6 1673,18,19 1691,81,1 
52,52,16 107,30,13 274,38,8 312,70,17 458,22,5 889,15,10 1315,66,18 1410,26,12 1436,55,1 1605,34,4 1639,13,14 1652,65,9 1785,87,6 1921,38,11 1966,85,3 2051,89,7 2140,77,15 2217,22,2 2239,67,0 2306,44,19 
0,63,4 214,95,14 380,18,15 409,94,19 651,73,17 1264,51,18 1384,35,1 1419,57,9 1576,38,8 1614,65,7 1679,69,6 1748,60,5 1808,90,0 1898,68,3 1966,32,16 1998,40,11 2038,11,10 2232,75,12 2307,97,13 2404,51,2 
180,68,9 271,37,15 308,39,13 654,13,4 850,76,14 926,77,8 1243,6,3 1331,6,2 1337,53,5 1827,41,18 2516,72,7 2588,71,16 2659,46,6 2705,24,11 2870,46,10 2916,50,0 2999,12,17 3011,39,12 3050,92,19 3142,54,1 
0,93,18 93,95,2 526,8,17 729,27,16 904,53,10 1349,75,8 1436,3,12 1956,42,19 2000,5,14 2005,24,1 2395,73,6 2762,88,5 2966,57,0 3023,20,7 3260,99,11 3359,39,3 3398,74,4 3472,75,15 3547,44,13 3591,24,9 
0,83,8 131,14,17 145,66,11 673,96,15 921,11,3 932,36,6 968,20,16 1052,5,13 1189,72,12 1627,38,2 2123,79,19 2221,10,9 2283,27,14 2310,27,4 2337,90,18 2427,8,1 2588,83,7 2691,10,10 2701,61,5 2762,69,0 
0,22,11 75,56,17 594,54,10 648,50,19 698,51,12 857,9,18 876,15,16 1120,36,5 1156,20,15 1176,79,4 1534,51,1 1585,84,13 1669,40,2 1879,59,7 1987,48,0 2035,27,6 2062,65,14 2127,44,9 2171,40,3 2211,83,8 
93,5,18 98,75,7 948,43,15 1128,17,9 1317,10,3 2202,92,19 2325,22,16 2640,36,11 2676,7,5 2683,71,13 2754,77,17 2988,70,10 3058,10,12 3074,24,0 3293,78,1 3371,77,14 3448,56,2 3504,42,4 3546,16,6 3562,48,8 
498,37,4 535,96,17 776,81,6 1014,12,2 1402,92,18 1992,86,5 2169,63,12 2232,88,7 2320,28,0 2348,57,14 2405,58,11 2463,23,15 2486,4,1 2613,95,19 2726,80,16 2806,12,8 2818,82,3 2900,53,9 2967,5,13 3058,75,10 
89,58,6 147,59,1 206,65,15 271,78,2 349,68,18 417,50,11 467,38,7 505,97,14 747,72,10 819,94,4 913,59,0 972,42,3 1145,5,9 1242,19,13 1261,27,12 1489,54,19 1585,69,17 1738,2,8 2359,56,5 2439,51,16 
167,4,15 225,7,6 232,36,18 1146,35,17 2090,80,0 2708,95,19 2803,51,1 3008,59,14 3082,93,16 3175,5,9 3180,61,13 3251,4,4 3255,43,5 3338,30,8 3504,93,2 3597,76,12 3673,42,11 3715,99,3 3814,30,7 3844,46,10 
92,88,9 180,75,17 255,81,10 336,40,6 376,61,3 437,94,0 531,78,12 833,24,18 857,19,16 989,44,7 1033,96,14 1129,23,4 1152,90,13 1290,94,1 1496,80,8 1576,97,19 1673,24,11 1697,44,5 1741,54,2 1795,52,15 
153,5,13 1639,99,4 1796,60,17 2921,87,14 3008,64,5 3224,36,11 3260,78,8 3338,32,0 3370,4,9 3374,18,18 3392,26,12 3418,87,16 3597,74,2 3671,26,6 3697,90,15 3814,45,3 3890,35,10 3925,54,1 3979,27,19 4006,23,7 
0,93,2 93,95,4 205,11,10 265,14,12 844,99,17 1034,86,5 1144,41,7 1223,26,11 1322,50,16 1429,74,15 1503,21,3 1524,6,9 1544,67,0 1981,87,18 2077,46,19 2311,84,6 2395,11,1 2446,89,13 2588,89,8 2764,66,14 
248,50,9 349,71,2 420,71,15 514,5,7 531,60,11 1034,29,17 1129,17,14 1224,29,6 1749,98,12 2098,61,3 2447,87,19 2534,58,0 2592,6,10 2598,60,1 2883,84,13 2967,92,8 3059,23,16 3082,25,5 3107,23,4 3130,57,18 
0,75,17 272,60,4 332,77,19 491,48,15 539,87,0 626,52,3 678,98,6 899,8,2 1075,55,12 1437,97,13 1585,55,1 1670,68,8 1752,59,16 1938,90,7 2078,50,5 2128,98,10 2226,57,14 2283,43,18 2326,72,9 2605,35,11 
61,46,13 203,22,6 726,11,4 874,49,12 948,34,5 982,30,10 1012,79,11 1277,72,8 1349,77,2 1494,47,18 1717,55,9 1772,63,3 1835,58,14 1898,89,0 1987,71,17 2058,94,1 2217,95,15 2312,13,16 2350,97,19 2447,46,7 
133,25,15 536,98,2 850,71,3 921,68,7 1044,8,13 1060,72,16 1132,57,12 1189,39,14 1919,83,8 2002,17,4 2128,90,5 2404,31,0 2435,81,17 2516,6,10 2522,97,6 2685,98,18 2783,82,9 2865,82,11 2959,52,19 3050,82,1 
62,42,15 131,77,8 336,71,10 496,19,1 1095,80,18 1192,31,11 1286,66,0 1448,90,17 1587,18,4 1605,15,12 1620,76,3 1696,58,19 1808,92,5 1900,34,2 1934,66,14 2000,8,9 2008,65,16 2140,67,7 2207,84,6 2404,42,13 
419,41,4 460,42,12 502,69,3 571,81,18 652,95,10 747,16,19 799,45,17 857,52,6 909,48,2 1022,35,1 1373,72,0 1455,80,5 1679,81,7 1760,4,8 1764,3,11 1767,4,14 2479,96,9 2659,53,16 2754,14,13 2850,80,15 
104,6,16 145,6,17 664,12,9 813,86,19 1033,26,7 1059,52,1 1111,70,6 2294,93,8 2546,81,3 2627,31,13 2658,89,15 2747,99,12 2947,99,11 3067,71,2 3138,74,14 3212,7,5 3219,43,18 3262,86,4 3454,1,0 3455,93,10 
136,44,12 188,54,2 311,36,0 347,40,13 535,68,4 603,49,16 652,45,7 697,58,3 755,44,18 799,65,15 864,72,5 936,65,9 1001,53,6 1054,48,10 1102,90,11 1192,98,1 1290,60,19 1350,71,14 1421,27,17 1448,48,8 
158,9,15 206,16,1 1426,56,2 1482,27,16 1620,50,12 1864,57,19 2035,55,0 2090,87,8 2177,44,9 2221,47,5 2409,29,7 2523,82,11 2605,80,18 2685,43,4 2728,75,10 2803,10,3 2813,70,13 2883,38,14 2921,28,6 2949,2,17 
0,29,7 41,91,0 180,85,12 543,51,10 594,86,1 799,34,18 833,73,8 936,12,5 948,14,19 1192,51,3 1249,1,11 1503,38,15 1934,74,2 3561,92,16 3653,60,13 3805,43,6 3848,36,17 3914,23,4 4062,82,9 4144,30,14 
22,21,11 731,97,2 957,4,10 1282,85,17 1367,21,7 1738,55,4 1944,34,6 2803,62,19 2865,78,16 2944,11,8 3074,34,9 3139,17,0 3196,3,1 3298,43,5 3341,38,12 3393,44,15 3437,45,13 3482,17,18 3499,3,14 3502,83,3 
104,29,15 312,6,8 421,45,7 480,15,5 503,60,19 1005,29,17 2068,97,18 2563,91,14 2705,13,6 2718,8,16 2726,50,3 2776,46,2 2916,72,10 2988,86,9 3074,7,13 3081,30,12 3111,28,0 3211,13,11 3224,27,4 3251,42,1 
460,38,4 571,10,3 923,93,12 1016,6,19 1185,72,7 1257,38,11 1304,73,15 1611,88,0 1699,44,14 1772,66,9 1856,79,10 2165,47,18 2212,61,13 2353,6,5 2455,64,2 2619,18,6 2802,2,8 2831,6,17 3234,91,16 3371,37,1 
242,21,2 263,20,7 603,51,4 999,96,18 1095,51,17 1146,42,1 1188,52,5 1240,37,8 1277,85,13 1367,18,9 1385,44,15 1429,60,3 1489,68,12 1594,3,6 1597,6,11 1604,20,16 2435,81,0 3216,96,19 3312,30,14 3342,9,10 
137,16,13 436,54,14 680,53,1 957,57,2 1014,46,16 1445,84,0 1529,1,11 3312,76,19 3388,26,6 3414,7,7 3421,69,5 3548,88,10 3636,29,15 3761,73,12 3884,32,17 3916,51,9 3967,4,4 3971,74,18 4063,75,3 4138,75,8 
132,27,0 159,54,16 213,90,3 374,25,7 634,97,2 731,68,17 799,14,19 992,54,4 1046,29,12 1081,14,8 1156,8,5 1270,1,6 1271,60,14 1385,13,9 1868,16,18 1935,41,10 2105,81,13 2239,35,1 2386,18,11 2486,79,15 
147,56,6 203,7,13 279,31,12 609,55,9 1542,85,2 1921,35,19 2405,82,14 2487,63,18 2550,35,4 2585,54,5 2639,52,10 2691,77,7 2768,82,15 2850,94,8 2944,81,3 3025,25,1 3050,24,0 3155,56,11 3211,23,16 3234,79,17 
241,33,8 309,50,14 399,22,7 819,70,10 1001,59,9 1060,51,6 1111,80,0 1191,84,2 1275,47,16 1322,88,12 1410,27,13 1437,18,5 1455,34,19 1538,47,17 1793,4,4 1847,41,15 2211,56,3 2275,42,11 2427,26,18 2658,66,1 
119,31,3 407,83,10 505,9,7 652,34,0 733,62,1 961,83,13 1694,61,18 1755,41,17 1796,58,8 2127,96,14 2223,87,16 2312,18,15 2330,56,11 2865,2,19 2867,95,5 2962,21,12 2983,51,4 3108,13,9 3121,31,6 3152,96,2 
0,62,15 62,95,5 157,8,18 171,3,19 1063,27,17 1253,19,9 1439,36,12 1514,97,14 1772,87,1 2038,62,11 2119,86,2 2207,21,7 2228,37,10 2306,11,0 2337,11,4 2718,67,6 2971,84,16 3059,34,8 3093,48,3 3241,97,13 
