335
0,7,10 17,5,19 28,1,24 45,2,20 65,9,8 74,4,18 85,9,2 94,5,22 115,7,1 122,1,14 129,8,21 137,9,15 146,5,5 151,4,3 155,2,13 157,6,4 163,5,16 168,9,12 177,6,6 183,10,0 193,5,23 198,10,7 208,5,11 213,5,9 218,1,17 
10,7,20 17,2,16 19,7,15 31,4,10 47,4,13 51,3,23 54,9,19 63,10,0 73,3,12 86,8,17 94,8,24 102,5,2 107,2,6 109,4,7 113,6,18 119,10,21 129,4,9 138,1,11 139,6,8 145,4,14 149,2,1 159,4,22 163,3,4 166,3,5 183,7,3 
0,4,3 22,10,19 35,5,23 40,7,22 47,4,20 51,1,7 54,9,21 63,1,1 64,9,10 76,8,14 124,10,2 139,3,11 162,7,8 169,1,16 170,5,24 175,8,0 183,5,4 188,2,17 190,5,6 195,8,12 203,1,15 204,10,5 218,9,9 227,5,13 232,7,18 
19,6,4 25,8,2 33,7,17 44,1,24 55,6,6 66,6,12 85,5,22 90,1,21 91,3,11 94,2,0 119,10,18 129,3,5 132,4,19 136,3,8 139,3,14 142,1,9 143,3,10 146,7,7 155,6,3 163,3,13 170,5,16 175,1,23 179,5,1 184,5,20 189,8,15 
0,4,22 4,6,1 24,9,13 33,10,4 43,3,19 46,8,8 54,1,24 63,4,14 76,3,12 134,9,2 153,4,7 161,9,18 170,4,20 176,8,23 184,7,11 195,1,6 197,1,15 198,1,9 199,4,16 214,5,5 223,10,0 233,4,3 237,7,10 244,7,21 251,2,17 
0,9,11 9,1,7 12,3,22 15,8,2 23,4,12 46,7,9 84,9,14 93,8,3 101,8,16 132,7,5 139,7,17 149,7,19 156,8,0 164,2,23 166,1,6 167,1,13 170,7,18 189,8,20 197,10,8 207,2,4 209,1,1 210,5,15 215,3,10 218,1,24 219,5,21 
7,1,18 34,5,19 65,7,23 74,10,8 85,4,24 92,6,9 105,1,6 143,6,2 149,7,17 163,1,22 164,6,10 184,9,1 193,2,14 195,1,16 203,2,12 213,4,11 224,7,21 232,7,13 239,3,7 242,3,5 245,10,4 255,9,15 264,1,20 265,1,3 266,6,0 
0,9,13 11,1,24 39,1,19 50,2,22 52,3,7 60,6,5 74,4,20 98,6,9 137,10,18 147,4,11 156,2,17 175,10,16 186,1,10 188,2,21 196,2,6 205,3,12 208,4,14 212,9,8 221,7,2 228,3,3 231,2,23 233,3,4 236,4,0 240,2,15 242,2,1 
10,9,4 19,7,7 26,9,23 35,9,24 44,9,5 53,1,10 63,3,15 96,8,0 122,6,1 149,6,2 155,4,6 160,3,17 177,9,22 186,7,16 193,1,19 221,8,8 231,2,21 233,10,9 243,1,20 244,5,13 249,2,14 251,9,3 260,10,11 270,4,12 274,8,18 
0,7,18 20,9,17 40,2,23 42,7,12 49,5,21 59,7,22 69,9,11 78,8,3 89,1,24 90,6,13 96,9,5 113,3,7 123,1,14 124,1,8 125,2,19 143,6,9 149,2,6 151,1,20 155,10,2 166,10,4 193,9,0 204,4,15 218,6,10 224,4,1 228,5,16 
0,4,1 4,6,22 10,3,18 13,3,0 39,8,13 55,8,15 63,6,11 69,7,14 76,7,16 83,2,4 94,5,17 99,9,12 109,3,6 112,6,21 118,10,5 128,6,20 134,7,23 141,8,19 149,4,24 153,9,8 162,4,9 166,5,2 171,6,3 177,9,10 186,7,7 
0,3,14 9,2,9 11,2,16 40,8,17 54,6,8 60,4,13 73,7,0 80,10,5 90,9,23 102,3,24 105,6,10 111,4,1 115,3,12 130,8,11 138,10,6 148,5,15 153,4,4 157,4,18 161,8,7 169,8,22 177,6,3 183,5,21 188,2,19 190,8,2 198,2,20 
0,7,15 7,5,14 15,4,21 33,6,13 47,3,22 50,4,0 54,6,5 60,7,20 73,6,7 79,6,24 85,4,12 89,6,16 95,9,18 104,5,1 109,3,11 112,5,2 117,8,3 125,1,6 126,8,10 134,6,4 141,1,23 169,8,8 177,5,19 182,1,17 183,2,9 
0,2,17 2,7,8 17,3,20 21,2,14 23,7,0 35,10,10 47,1,1 53,6,9 63,7,21 79,2,12 90,4,5 95,5,16 116,4,7 132,4,13 171,3,2 175,8,24 183,4,6 188,4,4 192,6,18 198,6,19 204,8,3 212,1,23 217,4,11 221,6,22 227,3,15 
0,9,7 9,5,13 36,9,20 45,10,15 55,4,22 63,2,19 65,9,6 80,2,0 82,10,9 92,6,12 104,4,18 108,6,17 114,1,23 137,2,21 185,6,8 193,6,1 199,5,2 204,2,11 206,1,4 207,10,16 219,3,24 222,1,3 224,5,10 229,5,14 234,4,5 
0,10,20 14,2,11 42,8,23 60,5,8 118,10,12 128,7,3 135,2,18 137,2,9 139,5,21 144,1,1 145,4,0 149,5,10 186,6,22 204,2,2 212,4,14 222,5,24 245,10,5 255,3,6 258,9,13 267,3,7 270,7,17 277,4,4 281,9,16 290,6,15 296,6,19 
0,10,2 10,5,21 15,4,23 19,9,24 28,3,10 31,7,9 38,7,18 45,5,7 54,3,0 57,9,12 67,7,20 74,3,4 77,9,17 86,9,19 95,10,6 105,8,5 113,3,15 116,6,14 122,8,11 130,6,16 136,9,3 145,8,8 153,6,22 159,4,13 163,6,1 
9,8,19 17,1,10 59,9,4 74,4,6 78,7,11 85,4,16 94,3,2 101,9,23 110,1,18 123,5,15 163,7,17 183,4,24 187,9,5 199,10,9 209,6,22 215,5,7 223,5,3 233,4,21 237,4,20 241,3,8 244,6,12 250,3,0 253,5,14 267,5,13 272,6,1 
0,4,6 4,5,9 9,5,10 25,2,4 27,4,12 31,8,16 39,8,1 48,8,14 66,8,22 74,7,23 81,4,2 95,3,19 98,10,7 116,7,15 123,9,13 132,5,17 139,1,5 164,10,0 190,8,3 198,1,21 229,9,8 238,2,24 240,4,11 244,7,18 251,9,20 
0,2,12 10,2,22 12,3,5 15,1,9 33,5,2 38,8,6 46,2,18 55,5,7 68,5,4 73,9,13 98,5,19 103,2,20 153,10,15 202,2,0 216,9,14 244,10,8 266,6,3 272,3,10 277,1,17 278,8,1 286,3,23 290,4,16 294,5,21 299,6,11 305,8,24 
0,6,21 29,7,20 36,9,7 45,3,14 48,7,18 55,2,11 57,2,4 82,10,0 99,2,23 107,4,2 111,3,9 114,1,6 136,10,13 146,2,22 151,10,5 170,4,10 177,10,12 198,6,3 204,8,17 254,4,8 258,5,19 263,7,24 270,9,16 279,3,15 286,9,1 
0,10,4 10,10,17 20,9,20 32,2,19 34,4,3 38,1,0 39,5,21 51,9,13 99,9,22 108,6,14 114,3,16 129,5,18 134,7,7 174,2,2 176,3,9 179,8,15 199,6,1 205,4,10 221,2,11 223,9,12 232,2,5 234,9,23 243,9,24 258,5,8 263,4,6 
0,4,24 7,2,10 19,7,21 26,10,22 38,8,9 56,7,14 78,1,20 79,1,15 128,10,12 147,5,18 170,2,17 172,5,6 217,10,16 227,4,5 231,9,11 240,8,3 248,1,2 249,6,7 263,9,19 272,2,0 274,4,13 278,3,8 281,10,4 295,3,1 298,2,23 
0,9,19 9,5,11 14,10,13 29,3,17 32,7,21 39,10,3 49,7,4 56,6,2 62,1,18 79,5,7 84,5,20 115,6,23 128,6,1 263,7,8 274,2,0 276,7,22 294,9,16 303,2,24 305,4,6 309,5,9 314,5,5 319,2,12 321,7,14 328,6,15 334,1,10 
0,7,16 7,4,24 12,9,14 21,9,18 43,6,4 49,6,6 55,10,23 65,8,7 73,2,19 75,10,22 85,9,15 94,6,21 117,7,2 145,6,3 151,7,11 158,2,17 169,10,1 179,2,5 181,4,8 185,3,13 188,8,9 200,9,20 209,2,10 211,6,12 217,6,0 
