444316
0 64 162 243 336 366 482 544 567 587 656 713 762 859 919 925 927 945 1004 1029 1032 1065 1111 1199 1234 1290 1372 1426 1427 1441 1521 1530 1596 1642 1733 1745 1756 1812 1814 1883 1932 1942 2012 2101 2183 2235 2239 2281 2315 2376 2381 2478 2550 2593 2647 2692 2696 2778 2860 2881 2935 2944 3036 3123 3142 3190 3276 3307 3403 3414 3495 3503 3601 3668 3718 3787 3827 3846 3930 4029 4067 4167 4217 4265 4282 4351 4395 4462 4478 4559 4581 4657 4707 4763 4771 4866 4884 4943 5029 5032 
0 968 3190 4771 4819 4828 4866 5077 5111 5176 5254 5296 5304 5353 5360 5436 5486 5525 5539 5599 5673 5771 5862 5904 5936 6019 6077 6112 6169 6242 6316 6361 6393 6482 6541 6606 6680 6716 6760 6767 6791 6807 6810 6865 6950 7014 7108 7125 7187 7256 7262 7323 7393 7412 7454 7502 7531 7608 7613 7673 7738 7815 7915 7952 8043 8118 8120 8162 8256 8306 8336 8425 8434 8467 8504 8526 8580 8626 8681 8687 8765 8767 8831 8918 8940 8966 8972 9007 9075 9097 9195 9290 9358 9383 9422 9486 9546 9575 9612 9680 
0 7423 8118 8145 9383 9407 9461 9478 9539 9557 9558 9579 9591 9634 9639 9652 9671 9700 9759 9815 9841 9926 9978 9986 9994 10014 10029 10089 10179 10191 10209 10295 10301 10347 10404 10431 10462 10493 10549 10593 10679 10698 10710 10797 10799 10837 10879 10965 11017 11062 11092 11100 11108 11179 11188 11203 11235 11272 11303 11320 11392 11393 11471 11570 11653 11723 11757 11811 11883 11931 11979 12060 12077 12131 12136 12214 12252 12297 12338 12427 12428 12473 12538 12636 12637 12720 12758 12769 12818 12911 12935 13014 13056 13113 13127 13221 13298 13394 13463 13489 
0 12809 12846 12872 12927 12955 13019 13025 13080 13089 13109 13131 13217 13224 13295 13324 13333 13391 13466 13491 13543 13616 13708 13764 13856 13925 13972 13982 14010 14022 14079 14085 14154 14194 14284 14288 14315 14402 14407 14427 14510 14578 14591 14683 14690 14743 14837 14898 14977 15027 15070 15155 15179 15262 15347 15399 15454 15539 15627 15641 15653 15659 15687 15707 15792 15875 15893 15984 16069 16144 16183 16230 16296 16350 16441 16475 16512 16565 16589 16658 16726 16811 16882 16894 16895 16970 17048 17139 17158 17225 17323 17400 17485 17562 17575 17634 17718 17750 17831 17902 
0 17485 17527 17627 17658 17748 17819 17908 17995 18067 18128 18222 18321 18397 18486 18530 18616 18646 18651 18675 18692 18776 18834 18860 18947 19008 19063 19145 19147 19192 19276 19293 19328 19374 19444 19484 19571 19581 19626 19653 19660 19676 19748 19765 19832 19834 19911 19974 20040 20094 20146 20237 20301 20310 20335 20359 20404 20434 20477 20567 20621 20716 20779 20794 20845 20855 20901 20967 21016 21030 21056 21089 21101 21190 21206 21254 21277 21302 21313 21322 21377 21460 21544 21602 21696 21752 21810 21902 21908 21962 21969 21982 22021 22086 22137 22186 22280 22323 22371 22416 
0 22454 22479 22555 22632 22639 22736 22776 22875 22900 22979 23037 23041 23065 23086 23185 23228 23308 23394 23415 23457 23463 23476 23508 23514 23559 23587 23598 23621 23681 23737 23760 23773 23845 23913 23920 23998 24083 24114 24198 24212 24266 24286 24317 24404 24444 24466 24524 24622 24639 24714 24762 24857 24909 24912 24991 25054 25094 25150 25206 25299 25376 25397 25470 25489 25514 25544 25583 25679 25766 25823 25888 25907 25994 26070 26160 26186 26207 26275 26297 26327 26391 26487 26503 26516 26555 26636 26659 26749 26752 26816 26909 27008 27089 27175 27227 27257 27328 27410 27440 
0 25679 25771 25850 26659 26751 26752 26836 26896 26940 26999 27085 27092 27123 27126 27160 27178 27213 27237 27300 27324 27410 27509 27593 27614 27645 27713 27730 27753 27836 27872 27924 27995 28056 28064 28113 28186 28240 28274 28363 28448 28490 28508 28518 28548 28643 28742 28799 28883 28922 28934 28981 29003 29057 29093 29192 29251 29321 29417 29479 29559 29565 29573 29604 29623 29683 29782 29837 29867 29881 29948 30012 30018 30098 30178 30226 30243 30268 30297 30300 30389 30398 30408 30474 30543 30608 30670 30739 30820 30884 30922 31004 31029 31071 31122 31203 31287 31313 31380 31460 
0 29691 29742 31488 31560 31569 31638 31678 31762 31862 31911 32000 32024 32098 32153 32176 32218 32247 32293 32362 32455 32530 32605 32693 32698 32722 32820 32876 32958 33002 33102 33161 33253 33268 33271 33335 33338 33418 33507 33515 33567 33576 33597 33689 33702 33719 33762 33845 33870 33903 33934 33959 34056 34088 34145 34148 34153 34162 34227 34255 34317 34360 34431 34449 34538 34560 34655 34719 34814 34876 34951 35037 35117 35148 35163 35218 35232 35292 35301 35386 35482 35527 35612 35622 35641 35699 35774 35843 35873 35945 35963 35995 36024 36056 36078 36089 36124 36223 36303 36343 
0 34056 34124 34317 34374 34462 36056 36074 36136 36191 36356 36442 36502 36595 36611 36647 36665 36697 36708 36721 36800 36875 36912 36956 36974 37015 37103 37159 37197 37208 37240 37313 37409 37416 37484 37535 37583 37638 37737 37818 37823 37857 37886 37924 37984 38070 38140 38168 38227 38237 38264 38292 38379 38401 38467 38555 38594 38611 38652 38676 38713 38724 38776 38822 38853 38907 39001 39059 39156 39177 39178 39216 39281 39361 39362 39454 39483 39540 39596 39618 39656 39696 39735 39834 39934 39942 40035 40066 40123 40152 40153 40159 40206 40244 40263 40318 40414 40500 40574 40583 
0 38266 38308 39618 39669 40583 40667 40741 40786 40859 40899 40959 41058 41122 41172 41192 41287 41387 41411 41423 41479 41566 41578 41625 41652 41746 41753 41843 41844 41897 41920 41998 42082 42095 42124 42164 42249 42296 42372 42469 42504 42578 42599 42639 42708 42730 42797 42859 42930 42936 42975 43012 43049 43099 43103 43187 43196 43266 43274 43320 43414 43425 43459 43469 43539 43567 43573 43642 43708 43797 43876 43935 44002 44008 44025 44062 44096 44139 44209 44263 44298 44378 44402 44474 44499 44527 44601 44660 44713 44745 44748 44770 44805 44859 44939 45003 45010 45054 45091 45158 
0 42571 42587 44062 44141 45054 45153 45235 45304 45313 45316 45387 45481 45560 45572 45617 45637 45724 45821 45912 45969 46037 46090 46149 46156 46163 46193 46202 46283 46305 46308 46358 46457 46482 46509 46576 46674 46685 46723 46800 46807 46859 46919 47019 47089 47148 47210 47250 47262 47279 47333 47396 47492 47523 47538 47615 47670 47715 47780 47806 47855 47897 47943 47961 48007 48021 48103 48111 48208 48307 48356 48452 48463 48523 48590 48625 48694 48742 48783 48876 48939 49012 49022 49093 49137 49141 49165 49219 49272 49367 49460 49509 49603 49661 49728 49765 49805 49903 50002 50050 
0 46723 46730 46756 46842 49022 49076 49097 49141 49185 49367 49384 49805 49823 49845 49924 49968 50008 50033 50086 50144 50212 50245 50317 50387 50468 50535 50581 50614 50661 50758 50851 50919 50950 50957 51052 51152 51200 51287 51290 51313 51372 51378 51398 51481 51485 51494 51511 51538 51567 51659 51718 51739 51752 51848 51878 51947 52012 52018 52020 52098 52165 52182 52204 52290 52305 52356 52444 52520 52549 52628 52654 52718 52742 52747 52757 52818 52900 52948 52979 53070 53160 53172 53257 53330 53427 53476 53530 53577 53621 53700 53705 53713 53803 53806 53888 53953 53989 54062 54131 
0 54062 54143 54158 54233 54291 54368 54396 54479 54521 54552 54595 54604 54686 54724 54801 54896 54952 55005 55100 55130 55164 55250 55273 55286 55334 55399 55434 55470 55547 55637 55674 55703 55744 55755 55773 55835 55925 55938 55977 55996 56004 56079 56131 56142 56205 56218 56301 56394 56490 56522 56583 56632 56642 56652 56677 56750 56788 56833 56885 56895 56966 56992 57041 57139 57198 57261 57336 57432 57527 57591 57620 57675 57774 57873 57966 58013 58069 58131 58141 58236 58287 58349 58387 58416 58433 58525 58582 58665 58730 58790 58857 58921 58960 58961 59020 59088 59166 59232 59269 
0 57432 57453 57591 57606 59269 59275 59293 59362 59394 59416 59478 59522 59598 59628 59690 59734 59768 59832 59868 59897 59997 60055 60099 60160 60235 60332 60415 60429 60464 60543 60559 60644 60718 60747 60815 60892 60923 60930 61005 61103 61127 61157 61187 61280 61334 61344 61438 61528 61590 61592 61665 61735 61804 61862 61955 62037 62079 62097 62183 62276 62309 62379 62386 62478 62521 62567 62599 62641 62732 62733 62786 62819 62900 62936 62984 63012 63076 63082 63156 63192 63271 63360 63379 63398 63431 63447 63462 63517 63579 63669 63737 63808 63903 63944 63966 64049 64081 64154 64184 
0 61047 61129 61165 61250 61271 61349 61383 61413 62478 62481 62576 62636 62819 62910 62937 62998 63398 64081 64162 64262 64302 64370 64413 64469 64494 64518 64590 64596 64678 64696 64725 64788 64881 64902 64905 64971 65055 65146 65163 65190 65219 65236 65311 65354 65385 65417 65497 65507 65598 65664 65748 65786 65793 65798 65826 65888 65978 66071 66165 66180 66258 66296 66300 66397 66417 66451 66473 66502 66560 66614 66676 66704 66774 66862 66875 66879 66941 67031 67079 67179 67254 67304 67318 67324 67357 67448 67514 67580 67672 67673 67726 67823 67847 67877 67909 67984 68004 68020 68085 
0 65163 65258 65282 68105 68112 68182 68223 68248 68320 68340 68397 68449 68494 68592 68690 68738 68833 68910 68912 68925 68992 69057 69122 69193 69263 69294 69343 69382 69422 69441 69492 69536 69544 69633 69661 69701 69783 69822 69862 69904 69988 70059 70121 70122 70210 70215 70220 70293 70392 70399 70483 70497 70588 70637 70705 70753 70764 70839 70857 70924 70934 70953 70996 71041 71048 71085 71113 71174 71270 71299 71374 71412 71469 71471 71558 71617 71679 71743 71771 71780 71799 71851 71864 71944 72017 72037 72134 72221 72256 72302 72314 72382 72469 72522 72558 72612 72628 72706 72804 
0 71679 71851 71915 71991 72804 72814 72815 72903 72997 73089 73156 73244 73266 73352 73433 73447 73451 73480 73527 73539 73579 73631 73660 73688 73739 73752 73768 73825 73867 73882 73937 73963 74020 74103 74193 74219 74241 74306 74327 74347 74425 74438 74487 74490 74590 74662 74752 74851 74881 74892 74991 75083 75117 75122 75137 75154 75235 75273 75359 75387 75416 75456 75526 75565 75635 75673 75674 75759 75780 75846 75918 76005 76052 76081 76159 76186 76222 76276 76281 76341 76410 76450 76538 76610 76619 76707 76796 76799 76874 76917 76950 77000 77090 77180 77183 77192 77208 77293 77330 
0 76949 76982 77072 77107 77183 77258 77262 77268 77356 77383 77399 77481 77510 77592 77606 77704 77746 77791 77816 77848 77911 77945 77957 78021 78053 78107 78206 78279 78293 78356 78378 78410 78433 78438 78470 78556 78640 78665 78718 78798 78851 78928 79001 79087 79147 79233 79245 79270 79347 79421 79470 79541 79576 79640 79648 79695 79764 79828 79926 80008 80030 80067 80127 80168 80188 80205 80280 80282 80344 80382 80442 80477 80514 80573 80632 80638 80643 80673 80743 80752 80778 80875 80910 80933 81024 81071 81124 81210 81248 81268 81338 81339 81381 81473 81568 81608 81676 81723 81816 
0 80573 81608 81684 81725 81825 81892 81983 81998 82018 82086 82115 82139 82228 82237 82253 82346 82395 82491 82571 82655 82682 82735 82757 82772 82777 82832 82855 82932 82955 82999 83093 83109 83158 83218 83231 83282 83366 83375 83429 83467 83544 83603 83641 83674 83770 83833 83858 83919 83965 83966 84036 84042 84111 84207 84278 84367 84382 84422 84425 84428 84504 84573 84655 84678 84708 84746 84820 84900 84972 85017 85096 85171 85230 85235 85308 85392 85467 85502 85592 85656 85711 85712 85777 85835 85927 85964 85991 86067 86124 86134 86206 86208 86267 86330 86373 86381 86406 86483 86493 
0 86407 86408 86428 86466 86470 86561 86625 86658 86666 86693 86765 86768 86826 86870 86951 86960 86974 87071 87125 87127 87211 87275 87344 87379 87466 87475 87490 87516 87530 87573 87643 87681 87775 87851 87876 87959 88049 88120 88150 88178 88205 88243 88257 88270 88300 88369 88457 88483 88553 88614 88670 88744 88842 88856 88862 88939 89004 89029 89099 89101 89123 89180 89273 89341 89343 89435 89484 89515 89572 89657 89666 89680 89772 89836 89893 89967 90036 90059 90076 90125 90171 90217 90301 90304 90342 90437 90481 90515 90528 90607 90704 90801 90873 90889 90952 91016 91032 91115 91206 
0 89531 89588 89666 89746 89805 89809 89822 90607 90656 90688 90752 90794 91300 91365 91440 91444 91499 91588 91680 91773 91836 91916 91955 92023 92064 92156 92244 92304 92357 92366 92437 92478 92517 92599 92677 92754 92811 92835 92903 92922 92935 93003 93072 93110 93145 93191 93286 93364 93405 93458 93547 93557 93618 93689 93734 93737 93800 93823 93862 93919 93969 93982 94060 94117 94127 94173 94261 94267 94292 94391 94462 94519 94571 94625 94674 94678 94748 94814 94831 94845 94944 94963 95060 95081 95158 95208 95268 95330 95388 95479 95542 95595 95656 95726 95810 95823 95830 95868 95940 
0 95677 95746 95827 95849 95895 95898 95979 96050 96100 96181 96224 96301 96354 96372 96400 96415 96492 96521 96579 96670 96689 96744 96792 96871 96884 96941 97001 97015 97101 97128 97153 97172 97178 97228 97300 97386 97442 97473 97528 97577 97669 97701 97751 97810 97862 97917 98007 98039 98059 98085 98112 98159 98258 98260 98274 98357 98403 98412 98511 98515 98571 98618 98642 98672 98732 98821 98875 98947 98974 99045 99110 99182 99248 99325 99338 99398 99459 99494 99577 99590 99592 99637 99671 99762 99796 99870 99899 99918 99995 99998 100038 100086 100126 100139 100207 100211 100240 100288 100343 
0 98050 98732 98760 99325 99995 100086 100160 100174 100199 100206 100291 100305 100343 100404 100412 100422 100512 100514 100545 100639 100687 100705 100762 100844 100861 100912 101002 101011 101017 101113 101123 101124 101195 101253 101297 101397 101434 101507 101520 101562 101602 101695 101738 101781 101852 101938 102002 102093 102179 102201 102238 102325 102387 102481 102574 102655 102742 102828 102840 102935 102939 103027 103097 103194 103227 103299 103339 103400 103408 103431 103524 103611 103612 103645 103658 103729 103778 103794 103865 103956 104006 104034 104104 104133 104150 104227 104295 104387 104425 104485 104499 104522 104595 104674 104730 104735 104786 104856 104917 
0 103339 104917 104972 105062 105083 105150 105197 105285 105306 105311 105360 105425 105513 105564 105662 105672 105681 105710 105768 105865 105923 105924 105964 106056 106083 106163 106253 106294 106341 106385 106456 106513 106537 106562 106612 106646 106677 106736 106753 106799 106803 106877 106916 106941 107024 107101 107173 107196 107292 107327 107395 107434 107448 107493 107537 107560 107611 107704 107717 107816 107837 107868 107914 107921 108018 108083 108152 108190 108200 108238 108253 108289 108302 108351 108432 108473 108503 108587 108595 108602 108642 108658 108672 108702 108766 108832 108893 108920 108984 109019 109076 109163 109259 109292 109293 109316 109327 109418 109514 
0 107916 107977 108047 108832 108866 108900 109514 109545 109598 109608 109614 109661 109752 109834 109838 109868 109908 109972 109984 110064 110146 110224 110242 110286 110307 110396 110410 110414 110503 110523 110595 110689 110691 110700 110791 110828 110831 110883 110911 110963 110993 111016 111032 111068 111133 111138 111159 111196 111211 111275 111278 111310 111377 111475 111495 111500 111509 111588 111597 111680 111731 111768 111866 111950 111987 112012 112071 112146 112222 112266 112285 112304 112398 112446 112487 112574 112662 112754 112841 112865 112930 112961 112990 113088 113171 113270 113287 113347 113444 113462 113508 113517 113560 113563 113657 113754 113788 113869 113932 
0 110883 110945 111495 112304 113657 113788 113804 113880 113886 113891 113899 113951 113990 114036 114113 114213 114275 114304 114364 114433 114514 114536 114622 114685 114686 114778 114856 114882 114904 114950 115021 115115 115172 115194 115282 115341 115374 115399 115493 115552 115602 115659 115715 115734 115834 115862 115899 115932 115962 116062 116108 116171 116261 116281 116300 116378 116472 116547 116591 116638 116706 116764 116851 116925 116957 117007 117047 117119 117206 117240 117319 117386 117422 117504 117593 117655 117682 117755 117785 117880 117947 117948 118044 118084 118168 118237 118329 118418 118423 118461 118471 118540 118545 118567 118655 118733 118738 118764 118776 
0 115899 115959 116018 117386 117413 117593 117628 117725 118329 118567 118655 118721 118788 118816 118833 118864 118934 119030 119072 119148 119193 119206 119283 119309 119395 119474 119563 119610 119614 119684 119685 119720 119806 119883 119901 119976 120042 120045 120062 120067 120156 120163 120235 120249 120310 120370 120423 120523 120566 120645 120720 120811 120888 120951 120991 121081 121088 121146 121228 121276 121301 121383 121457 121529 121602 121606 121679 121715 121743 121836 121910 121968 122009 122107 122188 122223 122313 122407 122424 122490 122505 122529 122616 122663 122733 122742 122799 122801 122861 122956 123014 123015 123037 123089 123102 123150 123171 123262 123352 
0 122272 122333 122490 122553 122608 122697 122712 122792 122811 122835 122932 122934 122980 123078 123143 123243 123316 123408 123426 123440 123507 123515 123535 123561 123597 123608 123670 123699 123763 123840 123923 123926 124026 124114 124182 124259 124292 124293 124332 124391 124440 124454 124477 124523 124595 124657 124659 124667 124693 124790 124819 124874 124895 124916 124994 125043 125142 125149 125189 125252 125327 125344 125348 125356 125392 125487 125564 125663 125751 125756 125818 125887 125925 125987 126031 126073 126074 126171 126215 126302 126323 126403 126483 126560 126581 126676 126745 126833 126871 126948 126970 127029 127049 127089 127127 127223 127232 127262 127293 
0 125737 125887 125954 126483 126563 126871 126960 127042 127223 127247 127313 127389 127425 127508 127584 127672 127719 127747 127839 127856 127905 127961 127977 128028 128125 128203 128290 128385 128412 128482 128524 128583 128645 128740 128749 128812 128821 128848 128872 128876 128916 128975 128996 129048 129124 129149 129236 129313 129391 129479 129575 129601 129687 129711 129728 129746 129819 129828 129926 130026 130074 130097 130181 130253 130311 130395 130459 130478 130563 130658 130673 130719 130749 130820 130832 130916 130961 131039 131054 131131 131180 131188 131276 131325 131394 131464 131518 131561 131572 131575 131636 131684 131773 131864 131927 131989 132085 132141 132230 
0 130097 130311 130916 131394 131484 131636 131656 131746 131796 131819 131866 131871 131938 131944 131945 132032 132106 132162 132177 132229 132275 132282 132327 132390 132408 132409 132506 132589 132626 132634 132727 132809 132879 132933 132984 133046 133073 133117 133180 133268 133359 133385 133469 133545 133593 133674 133675 133689 133785 133809 133893 133944 134026 134099 134111 134128 134130 134137 134166 134248 134345 134377 134398 134449 134473 134507 134514 134595 134610 134617 134652 134724 134760 134860 134871 134970 135061 135079 135111 135197 135201 135206 135291 135297 135366 135438 135525 135541 135604 135648 135720 135788 135827 135831 135929 135932 136029 136047 136142 
0 135525 135546 135638 135683 135778 135871 135875 135936 135949 135993 136083 136102 136103 136136 136183 136247 136333 136354 136424 136505 136600 136642 136740 136806 136867 136940 137020 137043 137073 137165 137246 137327 137367 137394 137430 137461 137474 137488 137506 137572 137606 137703 137767 137780 137853 137890 137900 137991 138030 138041 138098 138161 138205 138238 138265 138266 138280 138379 138434 138530 138601 138648 138726 138816 138838 138898 138932 138974 139035 139039 139126 139139 139147 139238 139305 139320 139417 139450 139461 139538 139595 139682 139743 139824 139864 139866 139894 139897 139926 139981 139993 140055 140083 140133 140165 140253 140287 140380 140415 
0 138803 138806 139743 139817 139880 139980 139999 140253 140345 140442 140479 140553 140647 140720 140747 140790 140881 140971 141018 141065 141109 141133 141147 141203 141256 141263 141362 141445 141518 141618 141639 141702 141704 141708 141711 141722 141819 141916 141979 142064 142080 142090 142134 142185 142236 142316 142409 142450 142482 142502 142542 142559 142652 142681 142719 142770 142866 142878 142897 142987 143031 143125 143216 143229 143294 143329 143363 143374 143417 143420 143495 143574 143622 143674 143770 143790 143837 143845 143896 143909 143930 144029 144123 144208 144211 144300 144373 144417 144481 144484 144493 144575 144663 144725 144769 144839 144847 144878 144955 
0 141704 141792 144493 144558 144606 144955 145015 145040 145119 145156 145199 145267 145340 145413 145480 145519 145551 145609 145635 145666 145763 145842 145904 145998 146026 146048 146060 146099 146154 146186 146274 146276 146277 146287 146330 146394 146471 146491 146510 146577 146673 146749 146846 146889 146935 147025 147037 147118 147131 147195 147245 147335 147417 147467 147551 147602 147612 147674 147748 147754 147851 147905 147949 148044 148067 148157 148167 148198 148255 148260 148340 148345 148409 148474 148538 148546 148606 148652 148727 148771 148775 148835 148867 148933 148953 149007 149018 149033 149111 149206 149294 149321 149408 149492 149512 149548 149634 149677 149774 
0 148933 148963 149062 149071 149408 149422 149509 149570 149660 149690 149775 149828 149911 149927 150014 150033 150075 150124 150221 150262 150361 150446 150463 150531 150610 150701 150748 150781 150829 150859 150919 150981 151030 151040 151048 151138 151167 151259 151300 151398 151480 151505 151521 151606 151612 151691 151721 151741 151821 151863 151888 151973 151989 152065 152138 152155 152194 152195 152222 152305 152373 152391 152415 152502 152577 152600 152642 152646 152738 152789 152888 152969 152970 153067 153117 153168 153252 153289 153381 153411 153441 153454 153463 153547 153611 153652 153670 153715 153743 153809 153816 153872 153933 153937 154032 154079 154111 154120 154123 
0 153473 153495 153816 153937 154120 154130 154177 154207 154237 154273 154331 154359 154421 154437 154524 154617 154689 154712 154713 154776 154818 154887 154986 154994 155032 155101 155130 155152 155200 155278 155354 155420 155480 155523 155544 155626 155646 155685 155712 155746 155781 155832 155892 155902 155971 156060 156123 156216 156294 156353 156367 156443 156519 156528 156553 156628 156696 156765 156834 156933 157005 157095 157135 157225 157291 157364 157382 157395 157457 157547 157614 157649 157723 157798 157861 157872 157904 157977 158062 158063 158103 158135 158201 158225 158234 158237 158332 158386 158425 158471 158558 158561 158573 158660 158661 158729 158803 158836 158892 
0 157032 157075 157117 157145 158103 158202 158238 158290 158364 158380 158435 158465 158508 158606 158663 158692 158725 158728 158755 158821 158920 158941 158985 158987 159077 159141 159159 159234 159283 159361 159446 159476 159553 159636 159656 159682 159718 159745 159803 159894 159937 159959 160035 160107 160153 160213 160273 160333 160339 160414 160449 160479 160533 160549 160625 160659 160730 160757 160820 160858 160912 160966 160972 161043 161080 161087 161099 161133 161226 161316 161362 161381 161382 161447 161493 161564 161618 161627 161645 161686 161687 161769 161770 161863 161942 162025 162106 162173 162191 162284 162286 162367 162397 162462 162561 162609 162700 162779 162872 
0 160730 162284 162381 162453 162478 162529 162569 162643 162719 162734 162741 162815 162867 162929 162972 162983 162994 163052 163139 163181 163208 163252 163348 163378 163407 163506 163567 163574 163655 163742 163764 163812 163854 163879 163961 163998 164083 164124 164212 164214 164219 164231 164289 164298 164388 164459 164492 164506 164589 164646 164654 164703 164728 164828 164840 164918 164932 164964 165030 165083 165169 165234 165296 165395 165459 165531 165546 165560 165652 165722 165812 165841 165909 165924 165973 166010 166013 166063 166119 166193 166240 166312 166342 166365 166449 166528 166596 166646 166657 166714 166806 166876 166937 166945 166976 167008 167045 167056 167065 
0 164314 164324 165924 166528 166552 166628 166678 166697 166737 167056 167071 167150 167225 167320 167400 167496 167508 167548 167582 167661 167687 167693 167734 167772 167866 167890 167923 167966 167980 168003 168016 168027 168121 168199 168290 168342 168422 168446 168492 168565 168599 168652 168715 168775 168869 168921 168928 168989 169034 169086 169167 169173 169178 169267 169288 169384 169412 169498 169522 169578 169653 169663 169687 169773 169813 169898 169937 170025 170085 170166 170245 170259 170319 170398 170441 170517 170569 170628 170661 170746 170759 170760 170761 170793 170799 170871 170890 170901 170990 171078 171104 171179 171266 171300 171361 171446 171542 171580 171629 
0 170990 171057 171092 171180 171276 171359 171417 171458 171501 171503 171593 171641 171683 171714 171718 171754 171765 171857 171946 172043 172089 172135 172194 172204 172274 172341 172431 172460 172471 172554 172635 172717 172808 172826 172914 172973 172980 173075 173151 173186 173283 173351 173421 173441 173472 173499 173542 173587 173630 173638 173710 173789 173831 173885 173894 173900 173939 174025 174057 174123 174210 174303 174332 174340 174373 174445 174505 174591 174601 174617 174631 174668 174728 174822 174882 174895 174980 174987 175058 175147 175211 175307 175317 175399 175442 175444 175522 175555 175619 175645 175652 175751 175824 175838 175872 175890 175929 175968 176017 
0 174424 174601 174655 175522 175587 175686 175690 175872 175933 175977 176066 176142 176218 176230 176278 176351 176366 176432 176518 176559 176645 176742 176791 176874 176956 177030 177033 177058 177140 177228 177235 177236 177282 177373 177410 177443 177503 177524 177550 177609 177632 177714 177732 177735 177736 177768 177777 177805 177829 177921 177999 178024 178098 178133 178160 178161 178163 178210 178224 178286 178366 178411 178420 178451 178541 178611 178692 178764 178856 178956 179021 179098 179135 179168 179256 179314 179390 179486 179547 179629 179703 179801 179810 179851 179905 180002 180098 180172 180208 180275 180367 180448 180524 180532 180585 180666 180700 180797 180805 
0 179810 180585 180598 180698 180785 180866 180941 180950 180985 180999 181032 181086 181173 181263 181294 181326 181415 181514 181528 181573 181651 181724 181726 181799 181892 181919 181921 181935 181937 182010 182092 182160 182215 182217 182235 182286 182361 182392 182455 182550 182632 182725 182730 182743 182796 182887 182966 183030 183094 183177 183259 183318 183389 183412 183486 183494 183502 183539 183579 183662 183730 183813 183866 183915 183949 183968 184060 184124 184169 184182 184227 184260 184273 184309 184341 184414 184443 184538 184612 184687 184709 184746 184780 184856 184954 185013 185019 185046 185144 185223 185249 185286 185332 185358 185427 185504 185600 185687 185693 
0 184612 184697 184730 184810 184857 184889 184911 184916 184952 185033 185600 185673 185755 185756 185844 185868 185870 185890 185952 185974 186007 186031 186041 186070 186106 186135 186155 186218 186230 186241 186339 186381 186410 186464 186479 186549 186642 186709 186740 186795 186876 186928 186960 187005 187023 187046 187101 187163 187248 187290 187357 187448 187525 187623 187674 187722 187748 187782 187788 187862 187951 188027 188096 188161 188211 188224 188240 188313 188355 188438 188514 188517 188539 188624 188716 188740 188760 188803 188837 188847 188947 189036 189088 189112 189152 189233 189281 189285 189302 189327 189394 189453 189518 189523 189581 189632 189729 189739 189831 
0 188803 188893 188922 189088 189134 189164 189235 189293 189453 189491 189584 189602 189673 189735 189801 189833 189865 189904 189986 190071 190089 190167 190211 190237 190267 190365 190464 190486 190534 190535 190593 190661 190672 190698 190751 190810 190832 190891 190920 190954 190988 191042 191064 191072 191122 191175 191232 191298 191342 191425 191429 191509 191537 191562 191577 191592 191606 191663 191698 191713 191813 191833 191917 191952 192016 192060 192155 192201 192268 192308 192370 192430 192513 192581 192619 192673 192676 192747 192837 192895 192995 193086 193107 193182 193266 193351 193376 193379 193451 193471 193472 193554 193610 193613 193683 193714 193765 193774 193795 
0 193471 193555 193633 193696 193771 193785 193827 193920 193965 194035 194041 194115 194211 194216 194300 194398 194414 194460 194485 194520 194617 194705 194714 194779 194817 194871 194885 194904 194908 194996 195084 195164 195249 195255 195257 195348 195391 195420 195442 195534 195594 195603 195684 195685 195765 195779 195808 195814 195820 195901 195961 196045 196115 196201 196224 196277 196311 196400 196500 196583 196673 196717 196772 196781 196824 196875 196919 197017 197068 197153 197165 197179 197226 197250 197337 197411 197457 197508 197602 197688 197749 197849 197935 197963 198025 198075 198153 198202 198244 198327 198339 198349 198376 198446 198522 198613 198645 198740 198801 
0 198376 198431 198461 198537 198553 198600 198658 198666 198746 198778 198780 198877 198941 198971 199051 199117 199212 199218 199220 199308 199346 199423 199464 199545 199579 199634 199639 199669 199756 199812 199911 199979 200030 200047 200052 200093 200183 200184 200216 200218 200301 200353 200415 200440 200521 200538 200580 200644 200674 200760 200860 200867 200877 200902 200922 200963 201048 201060 201085 201183 201225 201263 201327 201370 201430 201515 201519 201576 201577 201610 201684 201773 201856 201945 201960 201999 202012 202075 202095 202129 202164 202217 202285 202383 202467 202484 202580 202648 202740 202795 202852 202862 202931 202944 202950 202990 203053 203133 203189 
0 200506 200600 200625 203189 203277 203279 203373 203403 203472 203522 203558 203580 203612 203712 203755 203826 203903 203954 204006 204053 204086 204147 204205 204283 204361 204429 204498 204520 204611 204679 204731 204805 204886 204892 204949 205003 205009 205097 205171 205218 205264 205309 205334 205384 205457 205489 205581 205587 205591 205618 205621 205700 205799 205812 205862 205933 206021 206048 206139 206162 206219 206279 206373 206381 206392 206394 206409 206453 206535 206543 206549 206618 206654 206691 206750 206831 206843 206918 206938 207036 207071 207165 207263 207313 207335 207395 207401 207442 207501 207583 207678 207749 207843 207849 207946 208005 208102 208170 208248 
0 207095 207395 207467 207522 207608 207621 207673 208102 208166 208167 208171 208250 208332 208391 208478 208554 208593 208674 208768 208834 208896 208963 209040 209092 209113 209166 209176 209256 209339 209415 209442 209470 209543 209582 209595 209635 209717 209771 209772 209805 209860 209897 209979 210065 210129 210203 210247 210331 210416 210511 210589 210614 210654 210748 210806 210838 210857 210895 210971 210999 211039 211047 211074 211104 211199 211235 211246 211331 211337 211416 211480 211541 211622 211655 211748 211841 211867 211911 211916 211933 211991 212068 212108 212160 212199 212234 212312 212326 212361 212392 212472 212513 212537 212594 212641 212657 212706 212710 212751 
0 212329 212401 212751 212819 212847 212898 212986 213041 213117 213149 213244 213319 213418 213518 213540 213551 213610 213637 213700 213714 213733 213749 213762 213786 213816 213885 213973 213997 214096 214154 214248 214303 214382 214410 214496 214557 214565 214623 214627 214676 214683 214767 214826 214868 214910 214912 214995 215002 215046 215113 215211 215281 215359 215401 215495 215573 215588 215627 215720 215758 215773 215797 215800 215866 215921 215948 216028 216095 216138 216159 216224 216315 216380 216463 216478 216565 216581 216633 216692 216695 216772 216866 216922 216964 217057 217139 217227 217323 217351 217434 217470 217495 217519 217559 217642 217669 217696 217768 217784 
0 214617 214868 215921 216922 216935 217023 217104 217122 217215 217304 217372 217438 217455 217470 217556 217558 217644 217649 217651 217669 217727 217732 217816 217871 217899 217993 218082 218138 218197 218228 218266 218303 218382 218454 218500 218568 218648 218725 218741 218814 218910 218925 218935 219017 219111 219151 219249 219254 219351 219420 219477 219538 219609 219677 219726 219727 219780 219807 219868 219940 220033 220128 220221 220230 220286 220298 220314 220319 220321 220391 220480 220486 220527 220626 220644 220674 220698 220765 220774 220837 220884 220928 220996 221096 221112 221198 221292 221392 221437 221507 221546 221567 221593 221599 221680 221711 221781 221865 221883 
0 220471 220884 220976 221043 221046 221097 221164 221167 221232 221883 221940 222020 222111 222142 222226 222247 222322 222413 222433 222503 222561 222645 222683 222755 222825 222870 222939 222992 223075 223145 223178 223255 223284 223287 223349 223414 223474 223486 223491 223514 223523 223547 223597 223670 223766 223802 223813 223883 223919 224012 224034 224037 224058 224150 224164 224203 224207 224303 224363 224436 224470 224517 224605 224630 224654 224669 224754 224757 224782 224812 224816 224862 224942 225005 225007 225107 225144 225217 225228 225268 225315 225327 225331 225384 225417 225497 225578 225623 225711 225740 225764 225858 225908 225938 225985 225992 226044 226080 226090 
0 223883 224150 224213 224303 224332 225327 225369 225415 225469 225556 226090 226133 226222 226320 226406 226497 226561 226610 226656 226732 226767 226773 226872 226889 226955 226970 227060 227078 227090 227178 227265 227349 227361 227420 227501 227570 227660 227671 227724 227773 227857 227873 227968 228042 228105 228183 228282 228296 228386 228408 228457 228516 228603 228696 228737 228747 228790 228884 228896 228932 228979 229069 229158 229228 229230 229313 229340 229352 229415 229486 229536 229591 229593 229617 229716 229804 229863 229942 229983 230032 230103 230142 230154 230253 230343 230405 230449 230518 230605 230652 230705 230799 230848 230866 230958 230995 230998 231034 231108 
0 230783 230817 230897 230939 230969 231055 231127 231212 231245 231284 231382 231438 231503 231519 231590 231645 231706 231754 231811 231891 231894 231985 232011 232041 232108 232120 232165 232195 232217 232273 232280 232341 232422 232474 232487 232580 232589 232611 232623 232671 232730 232808 232833 232897 232903 232966 233033 233121 233126 233192 233241 233257 233289 233324 233338 233358 233359 233438 233514 233515 233570 233578 233605 233657 233706 233716 233731 233812 233832 233932 233973 234067 234129 234152 234197 234259 234315 234378 234452 234464 234537 234543 234601 234649 234699 234791 234795 234871 234927 234971 234982 234985 235043 235120 235182 235220 235305 235326 235414 
0 234699 234721 234777 234831 235043 235068 235071 235120 235123 235209 235326 235383 235402 235426 235436 235473 235531 235623 235668 235711 235726 235792 235827 235908 235984 235990 236078 236092 236192 236260 236353 236440 236448 236534 236559 236640 236699 236730 236805 236866 236902 236943 237037 237054 237103 237145 237210 237297 237305 237346 237413 237499 237540 237584 237668 237747 237821 237898 237944 237985 238019 238057 238120 238139 238156 238249 238315 238378 238419 238466 238529 238565 238576 238594 238617 238623 238672 238727 238820 238836 238874 238909 239001 239010 239098 239190 239275 239328 239346 239441 239502 239507 239510 239545 239561 239659 239700 239756 239791 
0 238873 238931 239024 239561 239584 239677 239775 239783 239839 239915 240008 240012 240081 240135 240210 240292 240327 240389 240484 240534 240584 240585 240616 240648 240740 240813 240814 240830 240916 240955 240986 240996 241003 241038 241138 241148 241195 241207 241281 241314 241321 241375 241382 241465 241468 241501 241515 241533 241593 241683 241727 241748 241841 241919 241977 241981 242059 242140 242228 242291 242304 242305 242399 242409 242505 242547 242586 242591 242611 242686 242728 242765 242777 242874 242901 242962 243033 243124 243203 243301 243314 243400 243444 243458 243523 243623 243711 243810 243865 243945 243988 244034 244078 244108 244140 244158 244189 244261 244303 
0 244108 244137 244303 244385 244444 244450 244493 244552 244567 244581 244655 244656 244707 244722 244773 244774 244815 244865 244939 244945 244951 245030 245092 245138 245149 245180 245258 245353 245382 245393 245453 245529 245603 245667 245748 245762 245837 245932 245966 246058 246078 246112 246157 246159 246167 246240 246336 246434 246487 246517 246606 246667 246704 246799 246886 246939 246950 247015 247020 247047 247134 247158 247224 247263 247273 247338 247384 247413 247493 247541 247559 247569 247580 247591 247639 247711 247756 247820 247868 247905 247915 247977 248044 248092 248099 248159 248200 248291 248373 248377 248456 248532 248536 248617 248666 248682 248707 248770 248803 
0 246886 246907 246977 247868 247937 248001 248046 248144 248229 248231 248291 248342 248431 248471 248530 248628 248770 248784 248814 248850 248901 248919 248966 249002 249076 249128 249181 249257 249288 249331 249342 249420 249509 249562 249644 249729 249761 249767 249797 249829 249927 249940 250012 250039 250113 250168 250254 250296 250306 250405 250418 250487 250574 250627 250676 250728 250755 250815 250906 250973 250993 251032 251033 251065 251082 251132 251204 251298 251374 251459 251509 251563 251584 251681 251698 251704 251771 251774 251867 251926 251962 251990 252037 252086 252121 252212 252245 252296 252339 252390 252420 252424 252499 252543 252549 252574 252605 252679 252766 
0 250993 250994 251018 251078 251174 252766 252854 252873 252887 252889 252924 252993 252997 253037 253042 253114 253159 253256 253356 253419 253468 253510 253606 253623 253722 253797 253816 253848 253928 253959 253988 254042 254085 254135 254143 254218 254258 254303 254322 254337 254366 254371 254394 254456 254461 254524 254555 254579 254677 254759 254807 254857 254878 254915 254925 254991 254995 255036 255080 255179 255268 255356 255411 255442 255473 255565 255571 255572 255591 255686 255730 255752 255784 255875 255950 256043 256118 256152 256236 256301 256326 256397 256492 256502 256594 256673 256714 256804 256876 256946 257018 257062 257109 257169 257216 257217 257228 257246 257311 
0 255759 255760 255849 256876 256937 256940 257006 257079 257080 257081 257168 257253 257261 257353 257390 257395 257457 257514 257586 257648 257728 257760 257850 257906 257949 258005 258035 258120 258208 258283 258365 258455 258483 258583 258599 258622 258692 258751 258773 258797 258847 258900 258990 259053 259065 259116 259211 259218 259316 259329 259386 259395 259452 259517 259576 259588 259620 259668 259706 259725 259731 259794 259842 259911 259927 259982 259993 260022 260050 260053 260139 260206 260271 260340 260410 260476 260522 260596 260687 260702 260763 260801 260860 260867 260879 260896 260985 260987 261005 261060 261125 261164 261257 261338 261427 261440 261458 261464 261552 
0 260226 261338 261383 261614 261711 261760 261822 261920 261991 262066 262152 262174 262202 262248 262273 262312 262406 262419 262459 262495 262551 262567 262629 262689 262725 262774 262798 262849 262851 262891 262896 262956 262978 263073 263162 263168 263226 263238 263329 263337 263400 263485 263546 263564 263587 263666 263736 263834 263923 264009 264073 264135 264191 264226 264233 264253 264304 264355 264357 264370 264388 264442 264456 264513 264572 264597 264676 264737 264777 264856 264956 265043 265062 265088 265162 265261 265291 265379 265386 265463 265554 265618 265644 265649 265682 265713 265730 265788 265844 265883 265951 266036 266104 266146 266152 266155 266185 266278 266332 
0 265480 265491 265549 265788 265873 265920 265978 266010 266031 266066 266096 266123 266148 266196 266240 266261 266305 266382 266451 266464 266554 266649 266651 266668 266687 266738 266749 266800 266864 266887 266901 266962 267038 267134 267154 267252 267277 267369 267411 267486 267546 267579 267667 267759 267789 267872 267943 267976 268027 268097 268120 268153 268242 268283 268351 268398 268451 268464 268477 268553 268607 268655 268739 268742 268840 268870 268947 268958 269009 269067 269132 269203 269291 269343 269350 269412 269446 269543 269574 269599 269625 269673 269726 269747 269820 269829 269912 269942 269962 270019 270083 270175 270185 270230 270322 270379 270465 270536 270548 
0 270081 270129 270189 270197 270273 270280 270378 270445 270524 270527 270575 270661 270697 270752 270835 270924 271001 271096 271169 271261 271274 271356 271387 271439 271496 271582 271631 271663 271721 271785 271839 271863 271932 271947 271954 272013 272051 272109 272147 272237 272264 272301 272322 272390 272423 272489 272575 272666 272673 272692 272710 272809 272813 272893 272901 272948 273002 273048 273130 273141 273233 273243 273252 273312 273357 273393 273426 273438 273522 273609 273664 273710 273747 273819 273919 273974 273988 274045 274111 274124 274157 274254 274268 274357 274378 274469 274499 274551 274589 274679 274770 274868 274901 274926 275021 275063 275119 275194 275226 
0 273992 273997 274045 274088 274469 274493 274551 274600 274668 274868 274880 274952 274971 274994 275002 275034 275060 275079 275100 275124 275144 275172 275259 275326 275331 275394 275407 275435 275453 275454 275543 275586 275587 275621 275704 275764 275828 275911 275925 275973 276016 276028 276047 276053 276101 276191 276226 276253 276277 276351 276373 276419 276479 276538 276549 276573 276664 276727 276791 276797 276874 276899 276911 276977 276987 277072 277140 277236 277248 277280 277333 277413 277430 277433 277530 277599 277627 277649 277671 277715 277797 277839 277895 277946 277967 277978 277999 278002 278101 278144 278238 278244 278303 278317 278389 278419 278421 278516 278545 
0 277627 277711 278238 278249 278270 278319 278348 278442 278511 278556 278587 278663 278698 278737 278789 278811 278813 278909 278962 278993 279061 279090 279136 279150 279189 279247 279327 279369 279394 279424 279466 279559 279617 279626 279677 279711 279781 279833 279891 279979 280030 280104 280127 280188 280219 280224 280285 280353 280435 280524 280594 280614 280710 280740 280782 280789 280797 280826 280861 280898 280949 280988 281069 281095 281134 281168 281263 281323 281375 281377 281457 281509 281595 281684 281723 281726 281824 281886 281948 282028 282111 282180 282221 282262 282307 282309 282336 282374 282435 282490 282496 282537 282597 282667 282721 282804 282862 282951 283002 
0 279390 280594 281375 281416 281595 281695 281772 281797 281851 281923 281953 281961 282537 282636 282688 282742 282797 282829 283100 283181 283210 283284 283334 283383 283437 283467 283482 283501 283531 283586 283630 283654 283662 283758 283775 283811 283830 283838 283908 283967 284013 284015 284100 284137 284183 284188 284260 284297 284342 284365 284439 284520 284535 284601 284670 284674 284702 284750 284799 284811 284858 284950 284960 285038 285100 285156 285247 285278 285375 285453 285551 285583 285651 285724 285777 285819 285901 285968 285978 286006 286080 286120 286206 286288 286319 286347 286376 286436 286489 286554 286635 286667 286750 286847 286924 286969 287032 287105 287122 
0 287232 287284 287333 287384 287447 287492 287504 287546 287593 287692 287748 287841 287928 287930 287960 288014 288028 288044 288050 288138 288193 288255 288335 288389 288422 288428 288499 288528 288571 288661 288750 288756 288766 288832 288880 288928 289005 289030 289078 289087 289118 289125 289212 289260 289324 289419 289429 289480 289484 289532 289566 289624 289650 289709 289742 289801 289846 289851 289910 289969 290028 290085 290128 290219 290251 290278 290286 290339 290366 290417 290431 290506 290509 290556 290637 290656 290725 290748 290805 290883 290944 291032 291071 291161 291180 291263 291281 291339 291402 291501 291599 291634 291730 291828 291918 292012 292071 292089 292095 
0 290028 290092 290176 290183 291071 291158 291200 291300 291339 291364 291366 291381 291388 291447 291493 291828 291882 291932 291987 292075 292115 292137 292234 292237 292290 292339 292362 292436 292485 292508 292514 292610 292613 292686 292715 292786 292807 292808 292898 292948 293044 293126 293219 293260 293320 293393 293448 293547 293626 293716 293731 293755 293791 293885 293917 293957 294033 294049 294110 294171 294218 294290 294385 294426 294513 294591 294612 294704 294769 294868 294929 294951 294991 295071 295147 295191 295199 295254 295259 295286 295294 295334 295430 295463 295525 295554 295585 295605 295675 295691 295695 295779 295842 295942 296035 296095 296101 296158 296201 
0 293968 294042 294128 294149 295779 295800 295882 295960 296054 296111 296119 296154 296244 296323 296325 296393 296439 296444 296478 296535 296567 296657 296677 296698 296758 296784 296796 296859 296953 296991 297065 297103 297162 297240 297288 297350 297390 297476 297557 297570 297669 297690 297719 297721 297761 297835 297911 297939 297967 298011 298044 298053 298106 298130 298149 298180 298183 298250 298302 298373 298407 298442 298495 298585 298586 298610 298653 298695 298711 298797 298874 298908 298914 298965 298992 298997 299024 299035 299135 299205 299274 299324 299365 299397 299447 299518 299600 299698 299762 299844 299911 299942 299950 300031 300075 300097 300158 300179 300227 
0 298180 300031 300127 300151 300197 300221 300279 300298 300301 300307 300370 300383 300422 300498 300554 300617 300629 300664 300683 300766 300810 300834 300893 300894 300947 301025 301027 301095 301146 301246 301304 301355 301382 301449 301487 301501 301572 301610 301660 301722 301763 301798 301895 301930 301934 301987 302039 302132 302205 302223 302287 302377 302398 302410 302434 302523 302545 302601 302693 302728 302779 302865 302875 302956 302976 302982 303004 303014 303048 303099 303147 303220 303309 303339 303343 303369 303444 303471 303532 303543 303594 303670 303683 303696 303735 303743 303821 303839 303852 303854 303913 304010 304059 304091 304163 304223 304255 304348 304379 
0 304379 304473 304492 304517 304538 304595 304684 304697 304792 304808 304866 304930 304971 304999 305040 305103 305124 305202 305230 305263 305302 305350 305400 305428 305503 305534 305550 305623 305648 305743 305791 305879 305910 305985 306060 306083 306162 306178 306246 306285 306377 306388 306478 306498 306505 306579 306618 306717 306801 306879 306880 306958 307000 307063 307104 307123 307197 307281 307286 307294 307381 307438 307456 307513 307612 307645 307739 307815 307837 307929 308024 308032 308093 308122 308173 308248 308284 308344 308359 308387 308399 308457 308536 308577 308596 308614 308688 308728 308817 308911 308912 308931 308976 309045 309084 309092 309101 309138 309216 
0 306926 306975 307024 307076 307159 308024 308074 308126 309312 309384 309410 309466 309513 309526 309616 309696 309791 309823 309844 309861 309924 309980 310076 310113 310177 310240 310256 310261 310325 310382 310481 310579 310600 310657 310750 310825 310862 310959 311006 311095 311122 311129 311217 311271 311282 311283 311351 311444 311499 311550 311602 311676 311769 311846 311893 311906 311984 312010 312099 312159 312238 312318 312320 312355 312415 312452 312550 312620 312644 312685 312724 312799 312825 312840 312933 312992 313089 313097 313120 313172 313189 313215 313285 313362 313426 313445 313501 313506 313537 313547 313561 313569 313591 313682 313702 313703 313769 313852 313879 
0 313569 313577 313664 313727 313761 313784 313820 313879 313905 313909 313976 314075 314127 314155 314253 314274 314310 314348 314377 314465 314494 314524 314565 314655 314744 314803 314858 314921 314973 315028 315074 315107 315134 315149 315243 315279 315328 315357 315455 315486 315487 315557 315606 315703 315773 315856 315936 315982 316004 316018 316117 316178 316241 316259 316285 316301 316325 316333 316368 316444 316519 316616 316699 316717 316747 316831 316847 316935 316948 317015 317023 317095 317171 317263 317324 317371 317419 317518 317533 317610 317683 317745 317791 317862 317930 317954 318022 318024 318066 318120 318168 318190 318229 318244 318297 318372 318396 318453 318501 
0 316259 316326 317791 317825 318024 318114 318194 318272 318336 318350 318399 318490 318537 318567 318577 318666 318696 318769 318836 318933 319007 319015 319020 319103 319189 319285 319354 319403 319499 319528 319560 319614 319683 319757 319761 319796 319892 319894 319902 319916 319967 319989 320064 320127 320138 320176 320225 320228 320292 320306 320359 320423 320495 320539 320607 320615 320627 320663 320670 320693 320733 320821 320908 320999 321045 321136 321155 321185 321256 321351 321441 321486 321508 321594 321661 321726 321771 321838 321924 321969 322058 322094 322191 322247 322293 322326 322424 322439 322488 322545 322617 322689 322691 322718 322721 322740 322814 322853 322929 
0 321211 322691 322713 322806 322845 322927 322942 322995 323056 323098 323119 323153 323186 323269 323357 323440 323525 323538 323576 323667 323738 323766 323836 323927 323958 323976 323996 324069 324097 324152 324176 324263 324277 324360 324361 324422 324473 324561 324575 324596 324639 324658 324733 324775 324861 324905 324919 324941 324970 325056 325064 325093 325105 325125 325162 325194 325291 325345 325365 325429 325494 325561 325650 325661 325706 325767 325832 325852 325853 325859 325925 325960 325985 326068 326108 326144 326189 326191 326258 326275 326371 326468 326522 326607 326692 326720 326766 326864 326879 326971 326986 327028 327039 327051 327077 327105 327158 327248 327334 
0 324861 324929 325365 325440 325493 325502 325853 326068 326116 326125 326200 326270 326342 326417 327158 327216 327249 327333 327369 327377 327381 327471 327509 327605 327642 327732 327805 327898 327938 328003 328050 328123 328176 328203 328271 328303 328324 328356 328359 328431 328503 328510 328598 328673 328741 328774 328837 328860 328924 329021 329117 329119 329214 329270 329302 329315 329339 329349 329370 329397 329474 329535 329595 329642 329655 329744 329775 329781 329863 329889 329967 329986 330084 330099 330134 330162 330228 330288 330318 330338 330382 330389 330461 330491 330539 330572 330593 330680 330708 330790 330839 330936 331004 331064 331079 331086 331136 331206 331254 
0 330936 330981 331081 331161 331220 331290 331374 331417 331454 331553 331581 331636 331677 331695 331775 331842 331856 331953 331962 331981 332034 332068 332134 332182 332186 332272 332356 332399 332492 332576 332605 332646 332667 332766 332840 332905 333000 333087 333182 333255 333257 333335 333426 333457 333463 333547 333588 333669 333749 333772 333866 333913 333925 333962 334035 334091 334135 334183 334269 334330 334427 334492 334549 334577 334603 334694 334737 334808 334870 334949 335027 335073 335143 335223 335313 335373 335464 335535 335565 335646 335708 335781 335802 335888 335968 336021 336089 336120 336180 336227 336306 336399 336400 336452 336535 336623 336654 336718 336767 
0 334808 336306 336623 336705 336759 336808 336906 336995 337043 337111 337115 337195 337295 337338 337366 337440 337472 337535 337604 337621 337679 337686 337724 337748 337775 337822 337840 337874 337935 338029 338034 338121 338198 338278 338367 338430 338503 338590 338631 338701 338799 338856 338956 339030 339078 339171 339180 339235 339293 339344 339369 339387 339485 339517 339607 339650 339697 339724 339766 339864 339942 340037 340114 340154 340156 340198 340282 340329 340336 340424 340515 340540 340639 340648 340656 340709 340789 340835 340872 340964 341023 341121 341195 341233 341280 341292 341338 341382 341429 341466 341557 341598 341652 341703 341787 341835 341918 341972 341976 
0 340709 340713 340784 341195 341265 341365 341381 341410 341652 341734 341833 341843 341894 341971 342031 342077 342139 342159 342190 342212 342248 342272 342273 342362 342363 342393 342481 342571 342611 342687 342720 342730 342809 342885 342920 342939 342974 342987 343020 343030 343041 343114 343168 343254 343291 343354 343441 343513 343590 343636 343642 343698 343761 343816 343904 343960 344036 344119 344174 344257 344263 344280 344324 344350 344351 344442 344462 344520 344542 344576 344618 344705 344735 344794 344854 344902 344999 345022 345058 345145 345179 345213 345261 345296 345322 345345 345416 345497 345522 345577 345579 345593 345601 345617 345708 345753 345799 345853 345890 
0 345261 345272 345577 345598 345641 345667 345729 345732 345799 345832 345985 346001 346039 346120 346207 346260 346342 346357 346387 346403 346470 346560 346617 346700 346703 346755 346832 346874 346929 346964 346996 347074 347093 347159 347160 347177 347183 347203 347215 347266 347267 347289 347291 347383 347425 347482 347494 347548 347614 347638 347665 347708 347748 347755 347843 347868 347885 347971 348048 348144 348183 348193 348249 348283 348288 348362 348380 348459 348531 348607 348652 348705 348744 348787 348790 348880 348945 348992 349017 349054 349137 349213 349304 349378 349437 349501 349531 349544 349581 349603 349686 349717 349743 349780 349793 349851 349860 349875 349970 
0 347548 347635 349780 349854 349859 349912 349996 350007 350094 350123 350162 350239 350311 350359 350434 350513 350534 350582 350620 350652 350664 350748 350751 350771 350871 350878 350971 351059 351066 351089 351171 351188 351239 351332 351375 351449 351492 351580 351628 351670 351755 351773 351847 351903 351939 352039 352056 352152 352198 352258 352275 352370 352402 352438 352485 352521 352578 352614 352658 352746 352763 352828 352847 352901 352965 352970 353061 353127 353194 353237 353254 353300 353325 353419 353477 353567 353628 353645 353683 353777 353823 353894 353959 353974 354006 354054 354138 354187 354231 354242 354275 354366 354414 354448 354476 354554 354561 354582 354594 
0 351600 352658 352717 353628 353640 353642 354594 354609 354681 354711 354778 354819 354904 354923 354937 355036 355039 355080 355119 355156 355171 355207 355221 355304 355339 355429 355503 355564 355600 355640 355730 355830 355929 356019 356047 356091 356122 356129 356217 356230 356288 356297 356391 356404 356436 356463 356476 356542 356543 356596 356659 356721 356780 356855 356859 356888 356957 356968 357027 357096 357153 357238 357290 357369 357395 357412 357466 357566 357650 357673 357685 357686 357740 357793 357881 357932 357985 358026 358059 358104 358162 358217 358290 358374 358389 358407 358439 358443 358506 358601 358615 358657 358718 358797 358819 358885 358980 359044 359047 
0 357824 357865 359047 359089 359094 359150 359243 359328 359335 359397 359479 359563 359599 359660 359732 359805 359811 359813 359878 359917 359984 360028 360055 360107 360179 360264 360347 360417 360446 360448 360515 360537 360615 360622 360657 360712 360765 360790 360870 360906 360951 360976 361042 361071 361163 361224 361301 361352 361373 361446 361462 361467 361524 361526 361604 361634 361723 361771 361781 361796 361799 361873 361899 361992 362005 362009 362086 362184 362226 362234 362317 362359 362376 362380 362386 362446 362516 362613 362694 362764 362791 362815 362895 362937 362943 362962 362975 363028 363050 363142 363152 363175 363192 363254 363267 363365 363432 363487 363541 
0 362009 362063 362791 362833 362930 362982 363142 363179 363197 363213 363241 363249 363292 363294 363541 363562 363650 363691 363769 363827 363834 363858 363902 363955 364041 364115 364136 364138 364229 364300 364340 364427 364489 364553 364562 364611 364643 364694 364791 364873 364967 365052 365092 365109 365113 365156 365185 365200 365269 365326 365407 365439 365469 365545 365640 365690 365772 365862 365935 365994 366004 366088 366116 366211 366214 366252 366283 366333 366391 366400 366439 366466 366555 366635 366716 366814 366828 366847 366927 366940 366999 367013 367055 367107 367147 367206 367263 367299 367324 367388 367428 367486 367522 367578 367647 367650 367672 367769 367814 
0 365034 366214 366249 366288 366297 366303 366353 366416 366476 366500 367055 367059 367122 367187 367212 367228 367299 367375 367422 367435 367495 367503 367596 367654 367688 367786 367851 367904 367937 368018 368092 368168 368188 368279 368366 368381 368382 368434 368488 368542 368558 368575 368602 368682 368773 368847 368909 368910 368925 369020 369051 369120 369200 369236 369247 369251 369295 369318 369329 369363 369444 369449 369470 369520 369524 369529 369564 369588 369656 369664 369679 369727 369804 369845 369908 369945 369993 370062 370146 370196 370269 370288 370308 370378 370385 370441 370505 370532 370549 370609 370650 370661 370683 370708 370777 370871 370954 371042 371100 
0 369643 369710 370146 370288 370357 370609 370648 370708 370739 370781 370822 370920 370934 370976 371008 371082 371094 371144 371210 371225 371259 371271 371316 371394 371487 371526 371626 371662 371691 371748 371786 371867 371947 372035 372038 372104 372168 372267 372361 372395 372493 372519 372554 372564 372644 372720 372798 372841 372930 372998 373075 373169 373245 373258 373293 373326 373382 373442 373471 373541 373612 373661 373679 373739 373775 373792 373870 373911 373918 373937 374023 374048 374076 374155 374219 374253 374350 374418 374510 374610 374613 374677 374701 374717 374754 374774 374851 374949 374975 375058 375125 375166 375176 375245 375253 375298 375326 375341 375346 
0 374613 374680 374725 374746 374818 374889 374977 374999 375033 375095 375138 375224 375250 375258 375276 375343 375351 375406 375439 375458 375491 375566 375604 375657 375676 375723 375737 375837 375864 375941 376005 376051 376052 376128 376185 376199 376218 376233 376291 376336 376409 376412 376472 376561 376602 376605 376616 376711 376770 376774 376822 376834 376902 376978 377006 377028 377039 377109 377113 377173 377208 377247 377262 377337 377412 377469 377532 377572 377595 377606 377677 377723 377792 377796 377888 377977 378033 378046 378120 378176 378274 378297 378389 378460 378503 378512 378550 378556 378602 378641 378673 378724 378800 378840 378878 378903 379001 379064 379073 
0 377888 377984 378035 378097 378512 378546 378608 378672 378677 378723 379073 379162 379166 379178 379180 379246 379308 379405 379490 379558 379583 379652 379668 379703 379772 379858 379919 379966 379995 380074 380124 380185 380186 380188 380262 380340 380383 380408 380483 380578 380626 380694 380761 380815 380843 380920 380951 381044 381075 381103 381160 381163 381252 381253 381346 381372 381392 381456 381483 381553 381642 381665 381710 381794 381889 381944 382021 382043 382124 382168 382258 382300 382311 382318 382385 382448 382509 382547 382641 382648 382729 382772 382789 382836 382928 382934 382941 382988 383047 383048 383122 383203 383257 383319 383334 383433 383465 383538 383558 
0 383334 383366 383397 383475 383482 383484 383517 383578 383669 383688 383781 383811 383829 383848 383940 383963 384005 384082 384112 384212 384253 384310 384374 384445 384456 384489 384502 384532 384553 384630 384656 384673 384690 384768 384771 384839 384858 384918 384965 385044 385105 385188 385259 385291 385336 385354 385402 385500 385544 385593 385621 385647 385707 385761 385825 385908 385999 386030 386106 386158 386219 386317 386338 386394 386463 386501 386550 386591 386675 386767 386846 386860 386925 387001 387045 387068 387117 387138 387187 387237 387326 387371 387462 387481 387550 387558 387646 387721 387791 387808 387821 387830 387918 387943 387986 388060 388078 388178 388278 
0 386692 386753 388078 388139 388184 388271 388362 388458 388524 388591 388645 388703 388764 388845 388930 389025 389101 389157 389185 389264 389346 389357 389369 389432 389437 389487 389576 389614 389657 389673 389719 389726 389806 389899 389991 390010 390078 390171 390270 390356 390371 390417 390462 390505 390528 390611 390656 390741 390823 390893 390909 390934 390949 391016 391096 391159 391201 391222 391250 391331 391404 391487 391539 391553 391652 391683 391730 391807 391811 391828 391893 391991 392027 392039 392087 392099 392183 392189 392276 392314 392411 392437 392531 392554 392598 392609 392633 392651 392670 392728 392807 392896 392916 393013 393108 393144 393162 393254 393255 
0 392276 392325 392421 392423 392438 392484 392517 392551 392647 392670 392671 392747 392784 392786 392916 393008 393038 393076 393148 393162 393247 393341 393435 393473 393487 393508 393521 393527 393594 393664 393725 393779 393816 393879 393929 393930 394000 394061 394111 394167 394263 394335 394427 394516 394603 394628 394726 394792 394831 394915 394929 394973 394992 395055 395127 395147 395237 395301 395375 395467 395529 395538 395566 395619 395666 395704 395724 395731 395758 395780 395849 395926 395935 395998 396040 396085 396184 396253 396347 396402 396466 396519 396589 396659 396660 396671 396718 396752 396819 396905 396995 397089 397161 397200 397215 397266 397331 397361 397427 
0 397258 397345 397443 397525 397558 397637 397652 397682 397698 397745 397787 397800 397825 397831 397854 397863 397915 398008 398016 398094 398114 398121 398213 398292 398322 398361 398427 398452 398485 398531 398631 398645 398724 398795 398877 398942 398979 399037 399072 399139 399229 399328 399349 399406 399504 399548 399558 399581 399679 399682 399705 399756 399785 399814 399830 399928 399977 400041 400090 400157 400233 400286 400353 400395 400459 400540 400627 400710 400765 400864 400900 400946 401036 401071 401121 401130 401157 401238 401242 401304 401376 401454 401527 401532 401548 401636 401732 401776 401785 401829 401886 -1 -1 -1 -1 -1 -1 -1 -1 
0 -1 -1 -1 -1 -1 -1 -1 -1 -1 -1 -1 -1 -1 -1 -1 -1 -1 -1 -1 -1 -1 -1 -1 -1 -1 -1 -1 -1 -1 -1 -1 -1 -1 -1 -1 -1 -1 -1 -1 -1 -1 -1 -1 -1 -1 -1 -1 -1 -1 -1 -1 -1 -1 -1 -1 -1 -1 -1 -1 -1 -1 -1 -1 -1 -1 -1 -1 -1 -1 -1 -1 -1 -1 -1 -1 -1 -1 -1 -1 -1 -1 -1 -1 -1 -1 -1 -1 -1 -1 -1 -1 -1 -1 -1 -1 -1 -1 -1 -1 
0 -1 -1 -1 -1 -1 -1 -1 -1 -1 -1 -1 -1 -1 -1 -1 -1 -1 -1 -1 -1 -1 -1 -1 -1 -1 -1 -1 -1 -1 -1 -1 -1 -1 -1 -1 -1 -1 -1 -1 -1 -1 -1 -1 -1 -1 -1 -1 -1 -1 -1 -1 -1 -1 -1 -1 -1 -1 -1 -1 -1 -1 -1 -1 -1 -1 -1 -1 -1 -1 -1 -1 -1 -1 -1 -1 -1 -1 -1 -1 -1 -1 -1 -1 -1 -1 -1 -1 -1 -1 -1 -1 -1 -1 -1 -1 -1 -1 -1 -1 
0 -1 -1 -1 -1 -1 -1 -1 -1 -1 -1 -1 -1 -1 -1 -1 -1 -1 -1 -1 -1 -1 -1 -1 -1 -1 -1 -1 -1 -1 -1 -1 -1 -1 -1 -1 -1 -1 -1 -1 -1 -1 -1 -1 -1 -1 -1 -1 -1 -1 -1 -1 -1 -1 -1 -1 -1 -1 -1 -1 -1 -1 -1 -1 -1 -1 -1 -1 -1 -1 -1 -1 -1 -1 -1 -1 -1 -1 -1 -1 -1 -1 -1 -1 -1 -1 -1 -1 -1 -1 -1 -1 -1 -1 -1 -1 -1 -1 -1 -1 
0 -1 -1 -1 -1 -1 -1 -1 -1 -1 -1 -1 -1 -1 -1 -1 -1 -1 -1 -1 -1 -1 -1 -1 -1 -1 -1 -1 -1 -1 -1 -1 -1 -1 -1 -1 -1 -1 -1 -1 -1 -1 -1 -1 -1 -1 -1 -1 -1 -1 -1 -1 -1 -1 -1 -1 -1 -1 -1 -1 -1 -1 -1 -1 -1 -1 -1 -1 -1 -1 -1 -1 -1 -1 -1 -1 -1 -1 -1 -1 -1 -1 -1 -1 -1 -1 -1 -1 -1 -1 -1 -1 -1 -1 -1 -1 -1 -1 -1 -1 
0 -1 -1 -1 -1 -1 -1 -1 -1 -1 -1 -1 -1 -1 -1 -1 -1 -1 -1 -1 -1 -1 -1 -1 -1 -1 -1 -1 -1 -1 -1 -1 -1 -1 -1 -1 -1 -1 -1 -1 -1 -1 -1 -1 -1 -1 -1 -1 -1 -1 -1 -1 -1 -1 -1 -1 -1 -1 -1 -1 -1 -1 -1 -1 -1 -1 -1 -1 -1 -1 -1 -1 -1 -1 -1 -1 -1 -1 -1 -1 -1 -1 -1 -1 -1 -1 -1 -1 -1 -1 -1 -1 -1 -1 -1 -1 -1 -1 -1 -1 
0 -1 -1 -1 -1 -1 -1 -1 -1 -1 -1 -1 -1 -1 -1 -1 -1 -1 -1 -1 -1 -1 -1 -1 -1 -1 -1 -1 -1 -1 -1 -1 -1 -1 -1 -1 -1 -1 -1 -1 -1 -1 -1 -1 -1 -1 -1 -1 -1 -1 -1 -1 -1 -1 -1 -1 -1 -1 -1 -1 -1 -1 -1 -1 -1 -1 -1 -1 -1 -1 -1 -1 -1 -1 -1 -1 -1 -1 -1 -1 -1 -1 -1 -1 -1 -1 -1 -1 -1 -1 -1 -1 -1 -1 -1 -1 -1 -1 -1 -1 
0 -1 -1 -1 -1 -1 -1 -1 -1 -1 -1 -1 -1 -1 -1 -1 -1 -1 -1 -1 -1 -1 -1 -1 -1 -1 -1 -1 -1 -1 -1 -1 -1 -1 -1 -1 -1 -1 -1 -1 -1 -1 -1 -1 -1 -1 -1 -1 -1 -1 -1 -1 -1 -1 -1 -1 -1 -1 -1 -1 -1 -1 -1 -1 -1 -1 -1 -1 -1 -1 -1 -1 -1 -1 -1 -1 -1 -1 -1 -1 -1 -1 -1 -1 -1 -1 -1 -1 -1 -1 -1 -1 -1 -1 -1 -1 -1 -1 -1 -1 
0 -1 -1 -1 -1 -1 -1 -1 -1 -1 -1 -1 -1 -1 -1 -1 -1 -1 -1 -1 -1 -1 -1 -1 -1 -1 -1 -1 -1 -1 -1 -1 -1 -1 -1 -1 -1 -1 -1 -1 -1 -1 -1 -1 -1 -1 -1 -1 -1 -1 -1 -1 -1 -1 -1 -1 -1 -1 -1 -1 -1 -1 -1 -1 -1 -1 -1 -1 -1 -1 -1 -1 -1 -1 -1 -1 -1 -1 -1 -1 -1 -1 -1 -1 -1 -1 -1 -1 -1 -1 -1 -1 -1 -1 -1 -1 -1 -1 -1 -1 
0 -1 -1 -1 -1 -1 -1 -1 -1 -1 -1 -1 -1 -1 -1 -1 -1 -1 -1 -1 -1 -1 -1 -1 -1 -1 -1 -1 -1 -1 -1 -1 -1 -1 -1 -1 -1 -1 -1 -1 -1 -1 -1 -1 -1 -1 -1 -1 -1 -1 -1 -1 -1 -1 -1 -1 -1 -1 -1 -1 -1 -1 -1 -1 -1 -1 -1 -1 -1 -1 -1 -1 -1 -1 -1 -1 -1 -1 -1 -1 -1 -1 -1 -1 -1 -1 -1 -1 -1 -1 -1 -1 -1 -1 -1 -1 -1 -1 -1 -1 
0 70 82 175 191 280 291 342 373 409 -1 -1 -1 -1 -1 -1 -1 -1 -1 -1 -1 -1 -1 -1 -1 -1 -1 -1 -1 -1 -1 -1 -1 -1 -1 -1 -1 -1 -1 -1 -1 -1 -1 -1 -1 -1 -1 -1 -1 -1 -1 -1 -1 -1 -1 -1 -1 -1 -1 -1 -1 -1 -1 -1 -1 -1 -1 -1 -1 -1 -1 -1 -1 -1 -1 -1 -1 -1 -1 -1 -1 -1 -1 -1 -1 -1 -1 -1 -1 -1 -1 -1 -1 -1 -1 -1 -1 -1 -1 -1 
