2655
146 153 158 181 200 209 213 222 227 234 235 243 252 257 261 263 269 274 283 289 299 304 314 319 324 
183 274 276 283 287 304 307 316 326 329 337 345 350 352 356 362 372 376 377 383 387 389 393 396 399 
406 410 420 425 432 436 437 446 447 456 464 474 477 484 485 490 498 503 505 510 518 519 529 538 543 
503 509 517 524 525 531 537 542 543 546 550 560 563 567 570 573 574 577 584 590 593 598 599 604 609 
542 604 610 619 629 632 640 641 645 648 657 661 670 674 682 689 690 691 692 696 701 711 715 722 729 
689 698 699 702 710 714 721 730 738 746 753 760 767 775 777 778 779 786 794 804 806 807 812 815 816 
786 787 792 804 816 820 826 827 833 840 841 847 856 858 859 861 865 872 879 882 885 895 904 905 906 
137 879 880 881 883 886 905 909 915 925 929 931 941 942 944 946 949 953 962 969 972 974 977 981 983 
977 986 993 1002 1011 1020 1021 1024 1032 1038 1044 1048 1051 1060 1067 1068 1076 1078 1088 1089 1094 1096 1105 1115 1119 
1127 1134 1143 1145 1152 1157 1164 1173 1181 1182 1188 1197 1200 1201 1202 1204 1210 1212 1213 1223 1233 1242 1246 1252 1256 
1256 1260 1266 1269 1272 1280 1288 1294 1301 1308 1310 1315 1324 1327 1333 1343 1349 1356 1364 1368 1377 1381 1386 1392 1401 
1301 1381 1383 1385 1393 1399 1403 1410 1420 1429 1432 1438 1442 1445 1453 1463 1468 1472 1476 1484 1492 1498 1503 1505 1513 
1468 1475 1503 1507 1513 1516 1520 1526 1533 1539 1545 1549 1555 1564 1569 1572 1577 1585 1586 1594 1600 1601 1609 1614 1615 
1615 1617 1624 1627 1629 1636 1646 1647 1653 1660 1662 1666 1671 1675 1679 1682 1690 1694 1698 1704 1710 1718 1719 1723 1729 
1675 1684 1689 1732 1742 1746 1748 1757 1759 1769 1775 1779 1785 1786 1788 1794 1800 1805 1807 1808 1818 1821 1822 1827 1832 
1698 1807 1809 1817 1822 1832 1839 1841 1843 1848 1849 1853 1858 1864 1866 1870 1875 1885 1888 1897 1900 1907 1911 1920 1926 
0 1866 1871 1875 1884 1887 1894 1901 1906 1909 1918 1925 1928 1937 1946 1956 1964 1967 1973 1981 1987 1996 2004 2010 2014 
1946 1954 1955 1964 1981 1988 1992 1995 2004 2005 2010 2017 2021 2030 2040 2046 2051 2056 2060 2064 2067 2073 2076 2081 2086 
1968 2040 2045 2050 2073 2077 2092 2100 2108 2116 2123 2127 2130 2140 2147 2156 2161 2162 2172 2180 2181 2190 2192 2196 2203 
2077 2116 2162 2165 2166 2171 2203 2205 2210 2215 2224 2229 2231 2241 2243 2252 2262 2268 2271 2272 2280 2283 2287 2292 2298 
2292 2298 2305 2314 2317 2324 2326 2328 2338 2340 2344 2347 2348 2358 2360 2370 2374 2384 2390 2398 2402 2407 2414 2423 2426 
2328 2398 2408 2417 2419 2423 2424 2429 2438 2447 2453 2456 2461 2468 2470 2473 2481 2487 2491 2493 2502 2504 2513 2522 2527 
2522 2526 2528 2535 2545 2553 2560 2561 2562 2572 2577 2579 2584 2594 2598 2607 2615 2616 2622 2631 2633 2637 2640 2650 2653 
61 106 127 137 140 147 157 164 170 171 176 181 187 193 200 202 209 2594 2596 2600 2605 2610 2612 2619 2625 
0 7 11 20 29 35 41 51 59 61 71 80 86 93 99 106 108 118 120 124 127 135 144 146 152 
