2655
146,7 153,5 158,1 181,2 200,9 209,4 213,9 222,5 227,7 234,1 235,8 243,9 252,5 257,4 261,2 263,6 269,5 274,9 283,6 289,10 299,5 304,10 314,5 319,5 324,1
183,7 274,2 276,7 283,4 287,4 304,3 307,9 316,10 326,3 329,8 337,8 345,5 350,2 352,4 356,6 362,10 372,4 376,1 377,6 383,4 387,2 389,4 393,3 396,3 399,7
406,4 410,10 420,5 425,7 432,4 436,1 437,9 446,1 447,9 456,8 464,10 474,3 477,7 484,1 485,5 490,8 498,5 503,2 505,5 510,8 518,1 519,10 529,9 538,5 543,7
503,6 509,8 517,7 524,1 525,6 531,6 537,5 542,1 543,3 546,2 550,10 560,3 563,4 567,3 570,3 573,1 574,3 577,7 584,6 590,3 593,5 598,1 599,5 604,5 609,8
542,4 604,6 610,9 619,10 629,3 632,8 640,1 641,4 645,3 648,9 657,4 661,9 670,4 674,8 682,7 689,1 690,1 691,1 692,4 696,5 701,10 711,4 715,7 722,7 729,2
689,9 698,1 699,3 702,8 710,4 714,7 721,9 730,8 738,8 746,7 753,7 760,7 767,8 775,2 777,1 778,1 779,7 786,8 794,10 804,2 806,1 807,5 812,3 815,1 816,5
786,1 787,5 792,7 804,10 816,4 820,6 826,1 827,6 833,7 840,1 841,6 847,9 856,2 858,1 859,2 861,4 865,7 872,7 879,3 882,3 885,10 895,9 904,1 905,1 906,6
137,9 879,1 880,1 881,2 883,3 886,6 905,4 909,6 915,10 925,4 929,2 931,10 941,1 942,2 944,2 946,3 949,4 953,9 962,7 969,3 972,2 974,3 977,4 981,2 983,2
977,9 986,7 993,9 1002,9 1011,9 1020,1 1021,3 1024,8 1032,6 1038,6 1044,4 1048,3 1051,9 1060,7 1067,1 1068,8 1076,2 1078,10 1088,1 1089,5 1094,2 1096,9 1105,10 1115,4 1119,8
1127,7 1134,9 1143,2 1145,7 1152,5 1157,7 1164,9 1173,8 1181,1 1182,6 1188,9 1197,3 1200,1 1201,1 1202,2 1204,6 1210,2 1212,1 1213,10 1223,10 1233,9 1242,4 1246,6 1252,4 1256,5
1256,4 1260,6 1266,3 1269,3 1272,8 1280,8 1288,6 1294,7 1301,7 1308,2 1310,5 1315,9 1324,3 1327,6 1333,10 1343,6 1349,7 1356,8 1364,4 1368,9 1377,4 1381,5 1386,6 1392,9 1401,7
1301,3 1381,2 1383,2 1385,8 1393,6 1399,4 1403,7 1410,10 1420,9 1429,3 1432,6 1438,4 1442,3 1445,8 1453,10 1463,5 1468,4 1472,4 1476,8 1484,8 1492,6 1498,5 1503,2 1505,8 1513,2
1468,7 1475,5 1503,4 1507,6 1513,3 1516,4 1520,6 1526,7 1533,6 1539,6 1545,4 1549,6 1555,9 1564,5 1569,3 1572,5 1577,8 1585,1 1586,8 1594,6 1600,1 1601,8 1609,5 1614,1 1615,2
1615,2 1617,7 1624,3 1627,2 1629,7 1636,10 1646,1 1647,6 1653,7 1660,2 1662,4 1666,5 1671,4 1675,4 1679,3 1682,8 1690,4 1694,4 1698,6 1704,6 1710,8 1718,1 1719,4 1723,6 1729,3
1675,9 1684,5 1689,9 1732,10 1742,4 1746,2 1748,9 1757,2 1759,10 1769,6 1775,4 1779,6 1785,1 1786,2 1788,6 1794,6 1800,5 1805,2 1807,1 1808,10 1818,3 1821,1 1822,5 1827,5 1832,4
1698,10 1807,2 1809,8 1817,5 1822,10 1832,7 1839,2 1841,2 1843,5 1848,1 1849,4 1853,5 1858,6 1864,2 1866,4 1870,5 1875,10 1885,3 1888,9 1897,3 1900,7 1907,4 1911,9 1920,6 1926,6
0,10 1866,5 1871,4 1875,9 1884,3 1887,7 1894,7 1901,5 1906,3 1909,9 1918,7 1925,3 1928,9 1937,9 1946,10 1956,8 1964,3 1967,6 1973,8 1981,6 1987,9 1996,8 2004,6 2010,4 2014,6
1946,8 1954,1 1955,9 1964,4 1981,7 1988,4 1992,3 1995,9 2004,1 2005,5 2010,7 2017,4 2021,9 2030,10 2040,6 2046,5 2051,5 2056,4 2060,4 2064,3 2067,6 2073,3 2076,5 2081,5 2086,6
1968,4 2040,5 2045,5 2050,2 2073,4 2077,8 2092,8 2100,8 2108,8 2116,7 2123,4 2127,3 2130,10 2140,7 2147,9 2156,5 2161,1 2162,10 2172,8 2180,1 2181,9 2190,2 2192,4 2196,7 2203,9
2077,2 2116,2 2162,3 2165,1 2166,5 2171,8 2203,2 2205,5 2210,5 2215,9 2224,5 2229,2 2231,10 2241,2 2243,9 2252,10 2262,6 2268,3 2271,1 2272,8 2280,3 2283,4 2287,5 2292,6 2298,8
2292,6 2298,7 2305,9 2314,3 2317,7 2324,2 2326,2 2328,10 2338,2 2340,4 2344,3 2347,1 2348,10 2358,2 2360,10 2370,4 2374,10 2384,6 2390,8 2398,4 2402,5 2407,7 2414,9 2423,3 2426,9
2328,10 2398,10 2408,9 2417,2 2419,4 2423,1 2424,5 2429,9 2438,9 2447,6 2453,3 2456,5 2461,7 2468,2 2470,3 2473,8 2481,6 2487,4 2491,2 2493,9 2502,2 2504,9 2513,9 2522,5 2527,4
2522,4 2526,2 2528,7 2535,10 2545,8 2553,7 2560,1 2561,1 2562,10 2572,5 2577,2 2579,5 2584,10 2594,4 2598,9 2607,8 2615,1 2616,6 2622,9 2631,2 2633,4 2637,3 2640,10 2650,3 2653,2
61,9 106,5 127,10 137,3 140,7 147,10 157,7 164,6 170,1 171,5 176,5 181,6 187,6 193,7 200,2 202,7 209,9 2594,2 2596,4 2600,5 2605,5 2610,2 2612,7 2619,6 2625,1
0,7 7,4 11,9 20,9 29,6 35,6 41,10 51,8 59,2 61,10 71,9 80,6 86,7 93,6 99,7 106,2 108,10 118,2 120,4 124,3 127,8 135,9 144,2 146,6 152,6
