2665
0 153 158 181 200 209 213 222 227 234 235 243 252 257 261 263 269 274 283 289 299 304 314 319 324 
0 274 276 283 287 304 307 316 326 329 337 345 350 352 356 362 372 376 377 383 387 389 393 396 399 
0 410 420 425 432 436 437 446 447 456 464 474 477 484 485 490 498 503 505 510 518 519 529 538 543 
0 509 517 524 525 531 537 542 543 546 550 560 563 567 570 573 574 577 584 590 593 598 599 604 609 
0 604 610 619 629 632 640 641 645 648 657 661 670 674 682 689 690 691 692 696 701 711 715 722 729 
0 698 699 702 710 714 721 730 738 746 753 760 767 775 777 778 779 786 794 804 806 807 812 815 816 
0 787 792 804 816 820 826 827 833 840 841 847 856 858 859 861 865 872 879 882 885 895 904 905 906 
0 879 880 881 883 886 905 909 915 925 929 931 941 942 944 946 949 953 962 969 972 974 977 981 983 
0 986 993 1002 1011 1020 1021 1024 1032 1038 1044 1048 1051 1060 1067 1068 1076 1078 1088 1089 1094 1096 1105 1115 1119 
0 1134 1143 1145 1152 1157 1164 1173 1181 1182 1188 1197 1200 1201 1202 1204 1210 1212 1213 1223 1233 1242 1246 1252 1256 
0 1260 1266 1269 1272 1280 1288 1294 1301 1308 1310 1315 1324 1327 1333 1343 1349 1356 1364 1368 1377 1381 1386 1392 1401 
0 1381 1383 1385 1393 1399 1403 1410 1420 1429 1432 1438 1442 1445 1453 1463 1468 1472 1476 1484 1492 1498 1503 1505 1513 
0 1475 1503 1507 1513 1516 1520 1526 1533 1539 1545 1549 1555 1564 1569 1572 1577 1585 1586 1594 1600 1601 1609 1614 1615 
0 1617 1624 1627 1629 1636 1646 1647 1653 1660 1662 1666 1671 1675 1679 1682 1690 1694 1698 1704 1710 1718 1719 1723 1729 
0 1684 1689 1732 1742 1746 1748 1757 1759 1769 1775 1779 1785 1786 1788 1794 1800 1805 1807 1808 1818 1821 1822 1827 1832 
0 1807 1809 1817 1822 1832 1839 1841 1843 1848 1849 1853 1858 1864 1866 1870 1875 1885 1888 1897 1900 1907 1911 1920 1926 
0 1876 1881 1885 1894 1897 1904 1911 1916 1919 1928 1935 1938 1947 1956 1966 1974 1977 1983 1991 1997 2006 2014 2020 2024 
0 1964 1965 1974 1991 1998 2002 2005 2014 2015 2020 2027 2031 2040 2050 2056 2061 2066 2070 2074 2077 2083 2086 2091 2096 
0 2050 2055 2060 2083 2087 2102 2110 2118 2126 2133 2137 2140 2150 2157 2166 2171 2172 2182 2190 2191 2200 2202 2206 2213 
0 2126 2172 2175 2176 2181 2213 2215 2220 2225 2234 2239 2241 2251 2253 2262 2272 2278 2281 2282 2290 2293 2297 2302 2308 
0 2308 2315 2324 2327 2334 2336 2338 2348 2350 2354 2357 2358 2368 2370 2380 2384 2394 2400 2408 2412 2417 2424 2433 2436 
0 2408 2418 2427 2429 2433 2434 2439 2448 2457 2463 2466 2471 2478 2480 2483 2491 2497 2501 2503 2512 2514 2523 2532 2537 
0 2536 2538 2545 2555 2563 2570 2571 2572 2582 2587 2589 2594 2604 2608 2617 2625 2626 2632 2641 2643 2647 2650 2660 2663 
0 106 127 137 140 147 157 164 170 171 176 181 187 193 200 202 209 2604 2606 2610 2615 2620 2622 2629 2635 
0 7 11 20 29 35 41 51 59 61 71 80 86 93 99 106 108 118 120 124 127 135 144 146 152 
