2665
146,7 153,5 158,1 181,2 200,9 209,4 213,9 222,5 227,7 234,1 235,8 243,9 252,5 257,4 261,2 263,6 269,5 274,9 283,6 289,10 299,5 304,10 314,5 319,5 324,1
183,7 274,2 276,7 283,4 287,4 304,3 307,9 316,10 326,3 329,8 337,8 345,5 350,2 352,4 356,6 362,10 372,4 376,1 377,6 383,4 387,2 389,4 393,3 396,3 399,7
406,4 410,10 420,5 425,7 432,4 436,1 437,9 446,1 447,9 456,8 464,10 474,3 477,7 484,1 485,5 490,8 498,5 503,2 505,5 510,8 518,1 519,10 529,9 538,5 543,7
503,6 509,8 517,7 524,1 525,6 531,6 537,5 542,1 543,3 546,2 550,10 560,3 563,4 567,3 570,3 573,1 574,3 577,7 584,6 590,3 593,5 598,1 599,5 604,5 609,8
542,4 604,6 610,9 619,10 629,3 632,8 640,1 641,4 645,3 648,9 657,4 661,9 670,4 674,8 682,7 689,1 690,1 691,1 692,4 696,5 701,10 711,4 715,7 722,7 729,2
689,9 698,1 699,3 702,8 710,4 714,7 721,9 730,8 738,8 746,7 753,7 760,7 767,8 775,2 777,1 778,1 779,7 786,8 794,10 804,2 806,1 807,5 812,3 815,1 816,5
786,1 787,5 792,7 804,10 816,4 820,6 826,1 827,6 833,7 840,1 841,6 847,9 856,2 858,1 859,2 861,4 865,7 872,7 879,3 882,3 885,10 895,9 904,1 905,1 906,6
137,9 879,1 880,1 881,2 883,3 886,6 905,4 909,6 915,10 925,4 929,2 931,10 941,1 942,2 944,2 946,3 949,4 953,9 962,7 969,3 972,2 974,3 977,4 981,2 983,2
977,9 986,7 993,9 1002,9 1011,9 1020,1 1021,3 1024,8 1032,6 1038,6 1044,4 1048,3 1051,9 1060,7 1067,1 1068,8 1076,2 1078,10 1088,1 1089,5 1094,2 1096,9 1105,10 1115,4 1119,8
1127,7 1134,9 1143,2 1145,7 1152,5 1157,7 1164,9 1173,8 1181,1 1182,6 1188,9 1197,3 1200,1 1201,1 1202,2 1204,6 1210,2 1212,1 1213,10 1223,10 1233,9 1242,4 1246,6 1252,4 1256,5
1256,4 1260,6 1266,3 1269,3 1272,8 1280,8 1288,6 1294,7 1301,7 1308,2 1310,5 1315,9 1324,3 1327,6 1333,10 1343,6 1349,7 1356,8 1364,4 1368,9 1377,4 1381,5 1386,6 1392,9 1401,7
1301,3 1381,2 1383,2 1385,8 1393,6 1399,4 1403,7 1410,10 1420,9 1429,3 1432,6 1438,4 1442,3 1445,8 1453,10 1463,5 1468,4 1472,4 1476,8 1484,8 1492,6 1498,5 1503,2 1505,8 1513,2
1468,7 1475,5 1503,4 1507,6 1513,3 1516,4 1520,6 1526,7 1533,6 1539,6 1545,4 1549,6 1555,9 1564,5 1569,3 1572,5 1577,8 1585,1 1586,8 1594,6 1600,1 1601,8 1609,5 1614,1 1615,2
1615,2 1617,7 1624,3 1627,2 1629,7 1636,10 1646,1 1647,6 1653,7 1660,2 1662,4 1666,5 1671,4 1675,4 1679,3 1682,8 1690,4 1694,4 1698,6 1704,6 1710,8 1718,1 1719,4 1723,6 1729,3
1675,9 1684,5 1689,9 1732,10 1742,4 1746,2 1748,9 1757,2 1759,10 1769,6 1775,4 1779,6 1785,1 1786,2 1788,6 1794,6 1800,5 1805,2 1807,1 1808,10 1818,3 1821,1 1822,5 1827,5 1832,4
1698,10 1807,2 1809,8 1817,5 1822,10 1832,7 1839,2 1841,2 1843,5 1848,1 1849,4 1853,5 1858,6 1864,2 1866,4 1870,5 1875,10 1885,3 1888,9 1897,3 1900,7 1907,4 1911,9 1920,6 1926,6
1866,10 1876,5 1881,4 1885,9 1894,3 1897,7 1904,7 1911,5 1916,3 1919,9 1928,7 1935,3 1938,9 1947,9 1956,10 1966,8 1974,3 1977,6 1983,8 1991,6 1997,9 2006,8 2014,6 2020,4 2024,6
1956,8 1964,1 1965,9 1974,4 1991,7 1998,4 2002,3 2005,9 2014,1 2015,5 2020,7 2027,4 2031,9 2040,10 2050,6 2056,5 2061,5 2066,4 2070,4 2074,3 2077,6 2083,3 2086,5 2091,5 2096,6
1978,4 2050,5 2055,5 2060,2 2083,4 2087,8 2102,8 2110,8 2118,8 2126,7 2133,4 2137,3 2140,10 2150,7 2157,9 2166,5 2171,1 2172,10 2182,8 2190,1 2191,9 2200,2 2202,4 2206,7 2213,9
2087,2 2126,2 2172,3 2175,1 2176,5 2181,8 2213,2 2215,5 2220,5 2225,9 2234,5 2239,2 2241,10 2251,2 2253,9 2262,10 2272,6 2278,3 2281,1 2282,8 2290,3 2293,4 2297,5 2302,6 2308,8
2302,6 2308,7 2315,9 2324,3 2327,7 2334,2 2336,2 2338,10 2348,2 2350,4 2354,3 2357,1 2358,10 2368,2 2370,10 2380,4 2384,10 2394,6 2400,8 2408,4 2412,5 2417,7 2424,9 2433,3 2436,9
2338,10 2408,10 2418,9 2427,2 2429,4 2433,1 2434,5 2439,9 2448,9 2457,6 2463,3 2466,5 2471,7 2478,2 2480,3 2483,8 2491,6 2497,4 2501,2 2503,9 2512,2 2514,9 2523,9 2532,5 2537,4
2532,4 2536,2 2538,7 2545,10 2555,8 2563,7 2570,1 2571,1 2572,10 2582,5 2587,2 2589,5 2594,10 2604,4 2608,9 2617,8 2625,1 2626,6 2632,9 2641,2 2643,4 2647,3 2650,10 2660,3 2663,2
61,9 106,5 127,10 137,3 140,7 147,10 157,7 164,6 170,1 171,5 176,5 181,6 187,6 193,7 200,2 202,7 209,9 2604,2 2606,4 2610,5 2615,5 2620,2 2622,7 2629,6 2635,1
0,7 7,4 11,9 20,9 29,6 35,6 41,10 51,8 59,2 61,10 71,9 80,6 86,7 93,6 99,7 106,2 108,10 118,2 120,4 124,3 127,8 135,9 144,2 146,6 152,6
