80999
0 83 142 191 275 310 378 436 502 546 548 611 636 706 707 791 847 882 928 1009 
310 548 615 707 793 884 944 1005 1011 1106 1124 1131 1204 1207 1299 1329 1422 1429 1466 1480 
1329 1363 1466 1468 1540 1566 1621 1645 1706 1734 1832 1835 1836 1864 1956 1995 2021 2112 2153 2159 
-1 2112 2189 2236 2281 2363 2383 2469 2557 2575 2658 2680 2753 2845 2929 2997 3052 3117 3127 3191 
2575 2637 3117 3146 3227 3316 3350 3384 3408 3506 3601 3661 3684 3738 3810 3813 3895 3936 3985 4082 
2637 3146 3601 3810 3936 3960 3975 4065 4138 4237 4305 4401 4468 4564 4620 4643 4681 4778 4822 4863 
3652 4401 4778 4844 4903 4934 4997 4999 5012 5044 5083 5136 5160 5245 5270 5323 5413 5462 5504 5558 
5558 5568 5636 5722 5748 5812 5842 5920 5991 6086 6103 6195 6225 6266 6320 6332 6336 6353 6413 6467 
6467 6491 6514 6560 6599 6631 6671 6723 6759 6842 6865 6883 6975 7070 7137 7168 7193 7262 7308 7359 
6865 6919 7000 7308 7360 7426 7428 7524 7619 7663 7754 7837 7904 7926 7970 7971 7992 8037 8074 8145 
8195 8247 8266 8274 8359 8423 8455 8477 8514 8568 8664 8756 8814 8830 8916 8973 8976 9044 9138 9155 
8477 9185 9193 9282 9315 9329 9428 9512 9590 9595 9671 9732 9827 9848 9857 9952 10008 10035 10110 10152 
10035 10092 10122 10174 10264 10322 10332 10375 10382 10462 10478 10488 10580 10636 10657 10733 10748 10843 10853 10917 
10853 10899 10976 10999 11032 11036 11102 11107 11159 11161 11195 11219 11308 11354 11389 11399 11423 11476 11574 11593 
11036 11127 11593 11594 11684 11759 11818 11854 11911 11984 12023 12105 12112 12139 12140 12179 12200 12270 12284 12296 
220 11984 12296 12372 12405 12470 12494 12544 12583 12624 12694 12741 12830 12862 12911 12982 13013 13026 13094 13159 
11594 12830 12911 12947 12975 13252 13337 13357 13451 13528 13548 13622 13654 13722 13746 13747 13822 13838 13917 13999 
11649 13746 13999 14062 14103 14122 14190 14277 14283 14334 14335 14383 14458 14463 14510 14602 14647 14699 14720 14747 
13835 14831 14835 14905 14941 14987 15065 15125 15192 15231 15302 15363 15438 15451 15520 15596 15600 15654 15751 15780 
15654 15698 15787 15823 15848 15880 15957 16029 16068 16149 16207 16256 16312 16334 16380 16395 16453 16506 16533 16589 
16589 16614 16680 16684 16707 16785 16814 16830 16899 16925 16993 17088 17144 17175 17185 17268 17342 17345 17353 17377 
17445 17464 17493 17587 17611 17697 17713 17777 17816 17836 17893 17908 17942 18010 18092 18149 18162 18219 18305 18377 
18010 18092 18176 18192 18204 18226 18299 18377 18467 18524 18618 18641 18692 18709 18782 18805 18839 18887 18970 19002 
18692 18709 19037 19047 19109 19183 19265 19316 19367 19418 19489 19517 19544 19631 19653 19686 19731 19775 19871 19952 
19653 19696 19775 19841 19916 19981 20064 20128 20149 20155 20208 20209 20276 20356 20381 20418 20489 20506 20554 20597 
20209 20299 20489 20609 20680 20693 20791 20815 20892 20961 21051 21131 21204 21258 21271 21300 21325 21387 21398 21442 
21204 21300 21367 21419 21425 21455 21480 21553 21639 21692 21711 21795 21847 21927 21990 22011 22013 22091 22120 22164 
21927 22164 22170 22242 22309 22378 22428 22430 22483 22514 22575 22656 22750 22773 22862 22883 22958 23057 23108 23176 
23176 23224 23294 23356 23416 23490 23588 23614 23710 23720 23788 23824 23830 23854 23858 23870 23899 23945 24024 24052 
23870 23945 23986 24047 24103 24145 24204 24299 24345 24388 24389 24438 24480 24482 24514 24569 24571 24628 24688 24764 
24389 24468 24569 24648 24698 24749 24772 24784 24822 24902 24967 25009 25100 25176 25250 25286 25313 25360 25404 25414 
25100 25133 25198 25291 25335 25415 25498 25552 25643 25730 25767 25838 25841 25874 25912 25992 26083 26162 26217 26307 
25912 25988 26006 26312 26369 26440 26526 26585 26602 26623 26665 26667 26718 26802 26824 26831 26848 26900 26984 27000 
26718 26741 26789 26857 26948 27024 27116 27155 27167 27182 27224 27229 27234 27319 27397 27472 27553 27604 27639 27709 
26741 27155 27192 27639 27653 27697 27765 27787 27811 27824 27904 27954 28043 28055 28100 28136 28166 28194 28250 28308 
27192 28308 28342 28344 28379 28461 28521 28597 28600 28689 28697 28794 28817 28843 28892 28958 28995 29050 29122 29192 
28379 29050 29091 29144 29227 29231 29299 29339 29419 29436 29526 29583 29664 29688 29714 29749 29762 29800 29859 29905 
29749 29943 30008 30058 30150 30238 30249 30332 30419 30461 30518 30605 30688 30731 30829 30876 30950 31011 31014 31095 
29821 30876 30920 31095 31114 31183 31206 31238 31268 31294 31358 31413 31440 31492 31509 31606 31627 31700 31745 31776 
31606 31825 31905 31953 32007 32061 32099 32138 32187 32216 32314 32400 32420 32443 32465 32546 32584 32682 32778 32868 
32882 32952 33000 33093 33179 33200 33297 33304 33372 33377 33390 33416 33495 33589 33614 33664 33695 33732 33815 33856 
33863 33956 34031 34064 34110 34124 34141 34211 34274 34312 34375 34420 34519 34560 34572 34636 34670 34682 34736 34802 
34670 34730 34827 34922 34963 35034 35122 35213 35305 35404 35456 35525 35604 35634 35637 35692 35751 35839 35867 35938 
34827 35122 35404 36011 36040 36104 36123 36138 36217 36316 36355 36427 36509 36586 36611 36707 36799 36897 36976 37007 
36104 36160 36586 36649 36699 36766 36846 37026 37062 37072 37086 37130 37211 37265 37285 37352 37377 37426 37504 37579 
36699 36782 36855 37377 37381 37411 37438 37514 37579 37627 37709 37798 37806 37886 37912 38010 38107 38117 38183 38259 
37438 37709 37808 37878 37953 38183 38252 38304 38336 38359 38387 38443 38448 38526 38598 38654 38677 38707 38758 38785 
38304 38400 38425 38598 38677 38754 38815 38870 38957 38977 39037 39077 39100 39117 39141 39178 39230 39276 39372 39391 
39230 39264 39273 39286 39360 39364 39369 39410 39437 39498 39526 39574 39637 39674 39732 39738 39829 39864 39959 40057 
39264 39864 39890 39900 39975 40068 40077 40169 40224 40287 40338 40371 40431 40522 40573 40669 40687 40762 40835 40885 
40687 40715 40756 40848 40905 40915 40920 41005 41046 41144 41156 41218 41257 41310 41361 41442 41498 41537 41542 41632 
41542 41625 41682 41729 41766 41776 41789 41790 41888 41923 41940 41999 42085 42101 42167 42168 42187 42197 42198 42257 
41776 42085 42154 42241 42328 42423 42467 42475 42517 42538 42577 42652 42731 42804 42825 42833 42920 42986 43011 43069 
42804 42849 42878 42973 43028 43090 43187 43264 43266 43309 43377 43471 43491 43552 43630 43695 43765 43807 43876 43935 
43935 44014 44069 44134 44195 44280 44316 44347 44427 44428 44490 44563 44594 44656 44669 44696 44724 44776 44847 44923 
44316 44669 44744 44754 44819 44858 44908 44923 44969 44975 44996 45083 45114 45192 45225 45306 45307 45393 45409 45473 
44908 45473 45524 45590 45618 45674 45716 45809 45814 45913 45929 46005 46037 46066 46099 46122 46187 46239 46338 46429 
45814 45929 46187 46195 46274 46335 46389 46436 46529 46568 46630 46636 46699 46727 46731 46815 46875 46945 46967 47043 
46020 46436 46476 46516 47104 47201 47246 47277 47333 47428 47458 47545 47568 47639 47700 47792 47793 47798 47890 47916 
47458 47482 47540 47602 47643 47793 47890 47935 48008 48010 48067 48132 48183 48258 48317 48414 48502 48554 48562 48621 
48317 48335 48403 48554 48639 48647 48743 48825 48859 48935 48980 49079 49118 49144 49220 49265 49342 49439 49442 49447 
48335 49220 49500 49553 49604 49621 49662 49687 49777 49798 49863 49897 49948 50008 50059 50126 50223 50263 50287 50309 
50008 50338 50374 50465 50533 50597 50599 50605 50670 50714 50764 50785 50849 50855 50954 50998 51011 51053 51065 51080 
50714 51065 51124 51153 51228 51282 51375 51416 51426 51489 51559 51643 51666 51675 51714 51723 51746 51814 51879 51888 
50746 51416 51442 51952 51989 52055 52118 52128 52211 52291 52336 52352 52434 52446 52531 52561 52563 52570 52583 52618 
52128 52352 52618 52668 52673 52679 52685 52773 52823 52873 52938 53006 53077 53122 53173 53225 53278 53315 53316 53325 
53077 53165 53315 53380 53477 53571 53644 53691 53699 53773 53816 53914 53927 53935 53967 54020 54090 54160 54197 54249 
54020 54061 54092 54160 54194 54282 54378 54447 54539 54574 54577 54630 54722 54776 54797 54887 54955 54978 54994 55033 
54539 54574 54623 54887 54921 55010 55046 55127 55156 55255 55351 55356 55384 55481 55492 55571 55662 55727 55732 55826 
55727 55811 55845 55901 55978 56009 56106 56186 56274 56307 56380 56451 56488 56566 56647 56718 56768 56814 56904 56926 
55811 56106 56488 56499 56552 56647 56951 57003 57007 57106 57130 57140 57181 57190 57217 57236 57326 57381 57424 57429 
57424 57444 57490 57547 57610 57680 57744 57799 57829 57855 57861 57931 57979 58070 58167 58244 58338 58426 58501 58553 
58553 58588 58629 58677 58774 58847 58920 58987 59006 59078 59160 59239 59284 59312 59376 59398 59463 59542 59556 59585 
59621 59676 59730 59816 59826 59899 59931 59992 60042 60075 60156 60213 60312 60324 60373 60410 60482 60572 60632 60638 
59899 60312 60346 60443 60466 60704 60760 60798 60813 60880 60955 61007 61098 61153 61209 61282 61362 61450 61475 61495 
60955 61020 61475 61481 61520 61611 61695 61709 61722 61754 61783 61806 61818 61851 61910 61950 61971 61979 62061 62134 
61096 61806 62134 62211 62252 62345 62373 62410 62486 62529 62561 62578 62589 62661 62693 62740 62808 62898 62963 63026 
62589 63086 63167 63243 63287 63317 63401 63455 63481 63500 63593 63676 63683 63727 63735 63740 63806 63864 63962 64043 
63727 63806 63862 63947 63962 64000 64064 64088 64161 64180 64206 64265 64277 64291 64313 64351 64416 64474 64566 64606 
63962 64180 64351 64474 64658 64709 64755 64762 64792 64818 64907 64969 65050 65132 65217 65287 65321 65336 65434 65531 
64969 65321 65531 65604 65654 65657 65673 65697 65785 65879 65890 65948 65952 66018 66076 66118 66187 66285 66335 66360 
65948 66035 66132 66216 66360 66442 66445 66521 66598 66633 66674 66730 66761 66811 66867 66942 66984 67021 67115 67118 
67021 67109 67186 67250 67292 67299 67383 67399 67419 67475 67482 67529 67531 67580 67633 67698 67774 67856 67868 67909 
67383 67529 67628 67698 67909 67968 68032 68083 68160 68186 68229 68301 68364 68432 68436 68522 68609 68686 68694 68741 
68522 68529 68686 68782 68789 68871 68932 69021 69097 69132 69229 69324 69329 69333 69344 69427 69492 69578 69592 69609 
69592 69643 69715 69789 69824 69916 69969 69988 70078 70113 70160 70209 70243 70311 70357 70437 70467 70538 70569 70619 
70538 70569 70640 70685 70760 70800 70887 70942 70963 70981 71002 71003 71008 71025 71108 71166 71234 71300 71389 71424 
70569 70800 71491 71537 71633 71723 71754 71829 71917 71935 72015 72063 72137 72192 72260 72348 72433 72488 72494 72576 
72488 72577 72629 72658 72696 72786 72856 72860 72946 72994 73053 73128 73166 73203 73249 73289 73312 73331 73334 73369 
73312 73376 73436 73522 73536 73597 73684 73731 73814 73880 73958 74048 74128 74208 74266 74274 74288 74331 74335 74336 
73814 73819 73880 74274 74331 74398 74447 74535 74558 74570 74573 74602 74671 74723 74736 74752 74754 74767 74817 74863 
73819 74752 74838 74886 74957 75040 75057 75074 75092 75126 75133 75135 75176 75210 75247 75254 75342 75401 75457 75520 
75135 75520 75569 75650 75663 75692 75711 75716 75793 75864 75875 75943 76033 76095 76191 76261 76292 76347 76427 76482 
76261 76346 76434 76531 76589 76672 76719 76803 76898 76960 77032 77107 77147 77199 77278 77326 77379 77384 77422 77466 
76589 76672 77384 77466 77511 77576 77611 77669 77700 77745 77757 77815 77866 77909 77921 77969 78007 78079 78172 78183 
77669 77866 77915 77999 78089 78105 78183 78266 78348 78355 78454 78476 78490 78553 78634 78712 78719 78750 78764 78823 
78183 78476 78634 78700 78724 78799 78884 78946 79005 79070 79144 79202 79220 79310 79391 79444 79468 79476 79493 79592 
79654 79722 79815 79834 79885 79921 80006 80072 80079 80130 80219 80230 80300 80302 80313 80362 80403 80471 80551 80602 
0 121 192 198 220 313 402 80130 80302 80602 80621 80682 80700 80791 80807 80834 80838 80907 80909 80916 
-1 -1 -1 -1 -1 -1 -1 -1 -1 0 72 121 -1 -1 -1 -1 -1 -1 -1 -1 
