81415
0 270 329 378 462 497 565 623 689 733 735 798 823 893 894 978 1034 1069 1115 1196 
0 735 802 894 980 1071 1131 1192 1198 1293 1311 1318 1391 1394 1486 1516 1609 1616 1653 1667 
0 1550 1653 1655 1727 1753 1808 1832 1893 1921 2019 2022 2023 2051 2143 2182 2208 2299 2340 2346 
0 2308 2385 2432 2477 2559 2579 2665 2753 2771 2854 2876 2949 3041 3125 3193 3248 3313 3323 3387 
0 2833 3313 3342 3423 3512 3546 3580 3604 3702 3797 3857 3880 3934 4006 4009 4091 4132 4181 4278 
0 3342 3797 4006 4132 4156 4171 4261 4334 4433 4501 4597 4664 4760 4816 4839 4877 4974 5018 5059 
0 4597 4974 5040 5099 5130 5193 5195 5208 5240 5279 5332 5356 5441 5466 5519 5609 5658 5700 5754 
0 5764 5832 5918 5944 6008 6038 6116 6187 6282 6299 6391 6421 6462 6516 6528 6532 6549 6609 6663 
0 6663 6686 6732 6771 6803 6843 6895 6931 7014 7037 7055 7147 7242 7309 7340 7365 7434 7480 7531 
0 7091 7172 7480 7532 7598 7600 7696 7791 7835 7926 8009 8076 8098 8142 8143 8164 8209 8246 8317 
0 8419 8438 8446 8531 8595 8627 8649 8686 8740 8836 8928 8986 9002 9088 9145 9148 9216 9310 9327 
0 9357 9365 9454 9487 9501 9600 9684 9762 9767 9843 9904 9999 10020 10029 10124 10180 10207 10282 10324 
0 10264 10294 10346 10436 10494 10504 10547 10554 10634 10650 10660 10752 10808 10829 10905 10920 11015 11025 11089 
0 11071 11148 11171 11204 11208 11274 11279 11331 11333 11367 11391 11480 11526 11561 11571 11595 11648 11746 11765 
0 11299 11765 11766 11856 11931 11990 12026 12083 12156 12195 12277 12284 12311 12312 12351 12372 12442 12456 12468 
0 12156 12468 12544 12577 12642 12666 12716 12755 12796 12866 12913 13002 13034 13083 13154 13185 13198 13266 13331 
0 13002 13083 13119 13147 13424 13509 13529 13623 13700 13720 13794 13826 13894 13918 13919 13994 14010 14089 14171 
0 13918 14171 14234 14275 14294 14362 14449 14455 14506 14507 14555 14630 14635 14682 14774 14819 14871 14892 14919 
0 15003 15007 15077 15113 15159 15237 15297 15364 15403 15474 15535 15610 15623 15692 15768 15772 15826 15923 15952 
0 15870 15959 15995 16020 16052 16129 16201 16240 16321 16379 16428 16484 16506 16552 16567 16625 16678 16705 16761 
0 16786 16852 16856 16879 16957 16986 17002 17071 17097 17165 17260 17316 17347 17357 17440 17514 17517 17525 17549 
0 17636 17665 17759 17783 17869 17885 17949 17988 18008 18065 18080 18114 18182 18264 18321 18334 18391 18477 18549 
0 18264 18348 18364 18376 18398 18471 18549 18639 18696 18790 18813 18864 18881 18954 18977 19011 19059 19142 19174 
0 18881 19209 19219 19281 19355 19437 19488 19539 19590 19661 19689 19716 19803 19825 19858 19903 19947 20043 20124 
0 19868 19947 20013 20088 20153 20236 20300 20321 20327 20380 20381 20448 20528 20553 20590 20661 20678 20726 20769 
0 20471 20661 20781 20852 20865 20963 20987 21064 21133 21223 21303 21376 21430 21443 21472 21497 21559 21570 21614 
0 21472 21539 21591 21597 21627 21652 21725 21811 21864 21883 21967 22019 22099 22162 22183 22185 22263 22292 22336 
0 22336 22342 22414 22481 22550 22600 22602 22655 22686 22747 22828 22922 22945 23034 23055 23130 23229 23280 23348 
0 23396 23466 23528 23588 23662 23760 23786 23882 23892 23960 23996 24002 24026 24030 24042 24071 24117 24196 24224 
0 24117 24158 24219 24275 24317 24376 24471 24517 24560 24561 24610 24652 24654 24686 24741 24743 24800 24860 24936 
0 24640 24741 24820 24870 24921 24944 24956 24994 25074 25139 25181 25272 25348 25422 25458 25485 25532 25576 25586 
0 25305 25370 25463 25507 25587 25670 25724 25815 25902 25939 26010 26013 26046 26084 26164 26255 26334 26389 26479 
0 26160 26178 26484 26541 26612 26698 26757 26774 26795 26837 26839 26890 26974 26996 27003 27020 27072 27156 27172 
0 26913 26961 27029 27120 27196 27288 27327 27339 27354 27396 27401 27406 27491 27569 27644 27725 27776 27811 27881 
0 27327 27364 27811 27825 27869 27937 27959 27983 27996 28076 28126 28215 28227 28272 28308 28338 28366 28422 28480 
0 28480 28514 28516 28551 28633 28693 28769 28772 28861 28869 28966 28989 29015 29064 29130 29167 29222 29294 29364 
0 29222 29263 29316 29399 29403 29471 29511 29591 29608 29698 29755 29836 29860 29886 29921 29934 29972 30031 30077 
0 30115 30180 30230 30322 30410 30421 30504 30591 30633 30690 30777 30860 30903 31001 31048 31122 31183 31186 31267 
0 31048 31092 31267 31286 31355 31378 31410 31440 31466 31530 31585 31612 31664 31681 31778 31799 31872 31917 31948 
0 31997 32077 32125 32179 32233 32271 32310 32359 32388 32486 32572 32592 32615 32637 32718 32756 32854 32950 33040 
0 33124 33172 33265 33351 33372 33469 33476 33544 33549 33562 33588 33667 33761 33786 33836 33867 33904 33987 34028 
0 34128 34203 34236 34282 34296 34313 34383 34446 34484 34547 34592 34691 34732 34744 34808 34842 34854 34908 34974 
0 34902 34999 35094 35135 35206 35294 35385 35477 35576 35628 35697 35776 35806 35809 35864 35923 36011 36039 36110 
0 35294 35576 36183 36212 36276 36295 36310 36389 36488 36527 36599 36681 36758 36783 36879 36971 37069 37148 37179 
0 36332 36758 36821 36871 36938 37018 37198 37234 37244 37258 37302 37383 37437 37457 37524 37549 37598 37676 37751 
0 36954 37027 37549 37553 37583 37610 37686 37751 37799 37881 37970 37978 38058 38084 38182 38279 38289 38355 38431 
0 37881 37980 38050 38125 38355 38424 38476 38508 38531 38559 38615 38620 38698 38770 38826 38849 38879 38930 38957 
0 38572 38597 38770 38849 38926 38987 39042 39129 39149 39209 39249 39272 39289 39313 39350 39402 39448 39544 39563 
0 39436 39445 39458 39532 39536 39541 39582 39609 39670 39698 39746 39809 39846 39904 39910 40001 40036 40131 40229 
0 40036 40062 40072 40147 40240 40249 40341 40396 40459 40510 40543 40603 40694 40745 40841 40859 40934 41007 41057 
0 40887 40928 41020 41077 41087 41092 41177 41218 41316 41328 41390 41429 41482 41533 41614 41670 41709 41714 41804 
0 41797 41854 41901 41938 41948 41961 41962 42060 42095 42112 42171 42257 42273 42339 42340 42359 42369 42370 42429 
0 42257 42326 42413 42500 42595 42639 42647 42689 42710 42749 42824 42903 42976 42997 43005 43092 43158 43183 43241 
0 43021 43050 43145 43200 43262 43359 43436 43438 43481 43549 43643 43663 43724 43802 43867 43937 43979 44048 44107 
0 44186 44241 44306 44367 44452 44488 44519 44599 44600 44662 44735 44766 44828 44841 44868 44896 44948 45019 45095 
0 44841 44916 44926 44991 45030 45080 45095 45141 45147 45168 45255 45286 45364 45397 45478 45479 45565 45581 45645 
0 45645 45696 45762 45790 45846 45888 45981 45986 46085 46101 46177 46209 46238 46271 46294 46359 46411 46510 46601 
0 46101 46359 46367 46446 46507 46561 46608 46701 46740 46802 46808 46871 46899 46903 46987 47047 47117 47139 47215 
0 46608 46648 46688 47276 47373 47418 47449 47505 47600 47630 47717 47740 47811 47872 47964 47965 47970 48062 48088 
0 47654 47712 47774 47815 47965 48062 48107 48180 48182 48239 48304 48355 48430 48489 48586 48674 48726 48734 48793 
0 48507 48575 48726 48811 48819 48915 48997 49031 49107 49152 49251 49290 49316 49392 49437 49514 49611 49614 49619 
0 49392 49672 49725 49776 49793 49834 49859 49949 49970 50035 50069 50120 50180 50231 50298 50395 50435 50459 50481 
0 50510 50546 50637 50705 50769 50771 50777 50842 50886 50936 50957 51021 51027 51126 51170 51183 51225 51237 51252 
0 51237 51296 51325 51400 51454 51547 51588 51598 51661 51731 51815 51838 51847 51886 51895 51918 51986 52051 52060 
0 51588 51614 52124 52161 52227 52290 52300 52383 52463 52508 52524 52606 52618 52703 52733 52735 52742 52755 52790 
0 52524 52790 52840 52845 52851 52857 52945 52995 53045 53110 53178 53249 53294 53345 53397 53450 53487 53488 53497 
0 53337 53487 53552 53649 53743 53816 53863 53871 53945 53988 54086 54099 54107 54139 54192 54262 54332 54369 54421 
0 54233 54264 54332 54366 54454 54550 54619 54711 54746 54749 54802 54894 54948 54969 55059 55127 55150 55166 55205 
0 54746 54795 55059 55093 55182 55218 55299 55328 55427 55523 55528 55556 55653 55664 55743 55834 55899 55904 55998 
0 55983 56017 56073 56150 56181 56278 56358 56446 56479 56552 56623 56660 56738 56819 56890 56940 56986 57076 57098 
0 56278 56660 56671 56724 56819 57123 57175 57179 57278 57302 57312 57353 57362 57389 57408 57498 57553 57596 57601 
0 57616 57662 57719 57782 57852 57916 57971 58001 58027 58033 58103 58151 58242 58339 58416 58510 58598 58673 58725 
0 58760 58801 58849 58946 59019 59092 59159 59178 59250 59332 59411 59456 59484 59548 59570 59635 59714 59728 59757 
0 59848 59902 59988 59998 60071 60103 60164 60214 60247 60328 60385 60484 60496 60545 60582 60654 60744 60804 60810 
0 60484 60518 60615 60638 60876 60932 60970 60985 61052 61127 61179 61270 61325 61381 61454 61534 61622 61647 61667 
0 61192 61647 61653 61692 61783 61867 61881 61894 61926 61955 61978 61990 62023 62082 62122 62143 62151 62233 62306 
0 61978 62306 62383 62424 62517 62545 62582 62658 62701 62733 62750 62761 62833 62865 62912 62980 63070 63135 63198 
0 63258 63339 63415 63459 63489 63573 63627 63653 63672 63765 63848 63855 63899 63907 63912 63978 64036 64134 64215 
0 63978 64034 64119 64134 64172 64236 64260 64333 64352 64378 64437 64449 64463 64485 64523 64588 64646 64738 64778 
0 64352 64523 64646 64830 64881 64927 64934 64964 64990 65079 65141 65222 65304 65389 65459 65493 65508 65606 65703 
0 65493 65703 65776 65826 65829 65845 65869 65957 66051 66062 66120 66124 66190 66248 66290 66359 66457 66507 66532 
0 66207 66304 66388 66532 66614 66617 66693 66770 66805 66846 66902 66933 66983 67039 67114 67156 67193 67287 67290 
0 67281 67358 67422 67464 67471 67555 67571 67591 67647 67654 67701 67703 67752 67805 67870 67946 68028 68040 68081 
0 67701 67800 67870 68081 68140 68204 68255 68332 68358 68401 68473 68536 68604 68608 68694 68781 68858 68866 68913 
0 68701 68858 68954 68961 69043 69104 69193 69269 69304 69401 69496 69501 69505 69516 69599 69664 69750 69764 69781 
0 69815 69887 69961 69996 70088 70141 70160 70250 70285 70332 70381 70415 70483 70529 70609 70639 70710 70741 70791 
0 70741 70812 70857 70932 70972 71059 71114 71135 71153 71174 71175 71180 71197 71280 71338 71406 71472 71561 71596 
0 70972 71663 71709 71805 71895 71926 72001 72089 72107 72187 72235 72309 72364 72432 72520 72605 72660 72666 72748 
0 72749 72801 72830 72868 72958 73028 73032 73118 73166 73225 73300 73338 73375 73421 73461 73484 73503 73506 73541 
0 73548 73608 73694 73708 73769 73856 73903 73986 74052 74130 74220 74300 74380 74438 74446 74460 74503 74507 74508 
0 73991 74052 74446 74503 74570 74619 74707 74730 74742 74745 74774 74843 74895 74908 74924 74926 74939 74989 75035 
0 74924 75010 75058 75129 75212 75229 75246 75264 75298 75305 75307 75348 75382 75419 75426 75514 75573 75629 75692 
0 75692 75741 75822 75835 75864 75883 75888 75965 76036 76047 76115 76205 76267 76363 76433 76464 76519 76599 76654 
0 76518 76606 76703 76761 76844 76891 76975 77070 77132 77204 77279 77319 77371 77450 77498 77551 77556 77594 77638 
0 76844 77556 77638 77683 77748 77783 77841 77872 77917 77929 77987 78038 78081 78093 78141 78179 78251 78344 78355 
0 78038 78087 78171 78261 78277 78355 78438 78520 78527 78626 78648 78662 78725 78806 78884 78891 78922 78936 78995 
0 78648 78806 78872 78896 78971 79056 79118 79177 79242 79316 79374 79392 79482 79563 79616 79640 79648 79665 79764 
0 79894 79987 80006 80057 80093 80178 80244 80251 80302 80391 80402 80472 80474 80485 80534 80575 80643 80723 80774 
0 80667 80683 80689 80711 80804 80893 80922 80956 81018 81037 81098 81116 81207 81223 81250 81254 81323 81325 81332 
0 16 35 67 106 125 176 187 218 241 -1 -1 -1 -1 -1 -1 -1 -1 -1 -1 
